  0	802.0000000	1242.0600000	1625.0000000
  1	802.0000000	1240.1000000	1625.0000000
  2	802.0000000	1246.9400000	1625.0000000
  3	802.0000000	1262.5400000	1625.0000000
  4	802.0000000	1263.0000000	1625.0000000
  5	802.0000000	1273.0800000	1625.0000000
  6	802.0000000	1264.7600000	1625.0000000
  7	802.0000000	1263.7800000	1625.0000000
  8	802.0000000	1266.9200000	1625.0000000
  9	802.0000000	1270.1400000	1625.0000000
 10	802.0000000	1300.8200000	1922.0000000
 11	802.0000000	1324.2600000	1922.0000000
 12	802.0000000	1342.8400000	1922.0000000
 13	802.0000000	1352.1200000	1922.0000000
 14	802.0000000	1371.4000000	1922.0000000
 15	802.0000000	1387.0800000	1922.0000000
 16	802.0000000	1391.9600000	1922.0000000
 17	802.0000000	1385.7200000	1922.0000000
 18	802.0000000	1397.1600000	1922.0000000
 19	802.0000000	1425.0600000	1997.0000000
 20	802.0000000	1440.0800000	1997.0000000
 21	802.0000000	1437.3000000	1997.0000000
 22	802.0000000	1455.0200000	1997.0000000
 23	802.0000000	1474.3000000	1997.0000000
 24	802.0000000	1491.2600000	1997.0000000
 25	802.0000000	1485.2600000	1997.0000000
 26	802.0000000	1504.4200000	1997.0000000
 27	802.0000000	1485.5000000	1997.0000000
 28	802.0000000	1488.3000000	1997.0000000
 29	802.0000000	1501.3000000	1997.0000000
 30	802.0000000	1521.7200000	1997.0000000
 31	802.0000000	1531.1000000	1997.0000000
 32	802.0000000	1542.8800000	1997.0000000
 33	802.0000000	1580.6600000	1997.0000000
 34	802.0000000	1592.6800000	1997.0000000
 35	802.0000000	1595.0800000	1997.0000000
 36	802.0000000	1603.5400000	1997.0000000
 37	976.0000000	1610.5800000	1997.0000000
 38	976.0000000	1612.9400000	1997.0000000
 39	976.0000000	1605.5800000	1997.0000000
 40	976.0000000	1604.7200000	1997.0000000
 41	976.0000000	1609.3400000	1997.0000000
 42	976.0000000	1616.9200000	1997.0000000
 43	976.0000000	1620.9000000	2196.0000000
 44	976.0000000	1633.9600000	2196.0000000
 45	976.0000000	1645.1200000	2196.0000000
 46	976.0000000	1644.7000000	2196.0000000
 47	976.0000000	1652.5400000	2196.0000000
 48	976.0000000	1669.0600000	2196.0000000
 49	1013.0000000	1688.3400000	2196.0000000
 50	1013.0000000	1713.3000000	2196.0000000
 51	1013.0000000	1719.6800000	2196.0000000
 52	1013.0000000	1750.8200000	2196.0000000
 53	1013.0000000	1755.0400000	2196.0000000
 54	1013.0000000	1755.1200000	2196.0000000
 55	1013.0000000	1760.4400000	2196.0000000
 56	1013.0000000	1772.9200000	2196.0000000
 57	1013.0000000	1769.6200000	2196.0000000
 58	1013.0000000	1756.2000000	2196.0000000
 59	1013.0000000	1786.5400000	2196.0000000
 60	1013.0000000	1794.1800000	2196.0000000
 61	1013.0000000	1822.7600000	2285.0000000
 62	1013.0000000	1850.8000000	2285.0000000
 63	1013.0000000	1857.0800000	2421.0000000
 64	1013.0000000	1854.1400000	2421.0000000
 65	1013.0000000	1871.5800000	2421.0000000
 66	1013.0000000	1856.2400000	2421.0000000
 67	1013.0000000	1854.5800000	2421.0000000
 68	1013.0000000	1887.2200000	2421.0000000
 69	1013.0000000	1912.4200000	2421.0000000
 70	1013.0000000	1918.7800000	2421.0000000
 71	1013.0000000	1920.7200000	2421.0000000
 72	1013.0000000	1929.2200000	2421.0000000
 73	1013.0000000	1929.3600000	2421.0000000
 74	1013.0000000	1930.8600000	2421.0000000
 75	1013.0000000	1934.5800000	2421.0000000
 76	1013.0000000	1919.1400000	2421.0000000
 77	1013.0000000	1939.7800000	2421.0000000
 78	1013.0000000	1949.9400000	2421.0000000
 79	1013.0000000	1945.6200000	2421.0000000
 80	1013.0000000	1969.2200000	2421.0000000
 81	1013.0000000	1976.3600000	2421.0000000
 82	1013.0000000	1985.1400000	2421.0000000
 83	1013.0000000	2004.3400000	2421.0000000
 84	1013.0000000	2009.8200000	2421.0000000
 85	1013.0000000	2036.3800000	2421.0000000
 86	1013.0000000	2033.4600000	2421.0000000
 87	1013.0000000	2031.6400000	2421.0000000
 88	1013.0000000	2036.2000000	2421.0000000
 89	1013.0000000	2023.9400000	2421.0000000
 90	1013.0000000	2038.5000000	2421.0000000
 91	1013.0000000	2048.4800000	2421.0000000
 92	1013.0000000	2063.1800000	2421.0000000
 93	1013.0000000	2067.0800000	2421.0000000
 94	1013.0000000	2060.6200000	2421.0000000
 95	1013.0000000	2069.8000000	2421.0000000
 96	1013.0000000	2059.8000000	2421.0000000
 97	1013.0000000	2061.3000000	2421.0000000
 98	1013.0000000	2060.4600000	2421.0000000
 99	1013.0000000	2088.3800000	2421.0000000
100	1013.0000000	2103.0800000	2421.0000000
101	1013.0000000	2097.8000000	2421.0000000
102	1013.0000000	2095.2800000	2421.0000000
103	1013.0000000	2100.0600000	2421.0000000
104	1013.0000000	2101.4800000	2421.0000000
105	1013.0000000	2112.3800000	2421.0000000
106	1105.0000000	2127.7400000	2421.0000000
107	1105.0000000	2147.0400000	2421.0000000
108	1105.0000000	2156.1400000	2421.0000000
109	1105.0000000	2174.1000000	2421.0000000
110	1105.0000000	2182.9800000	2421.0000000
111	1105.0000000	2176.3200000	2421.0000000
112	1105.0000000	2184.8000000	2421.0000000
113	1105.0000000	2196.4600000	2421.0000000
114	1105.0000000	2197.6400000	2421.0000000
115	1105.0000000	2200.4000000	2421.0000000
116	1105.0000000	2193.5800000	2421.0000000
117	1105.0000000	2172.2400000	2421.0000000
118	1105.0000000	2167.3800000	2421.0000000
119	1105.0000000	2155.1200000	2421.0000000
120	1105.0000000	2148.0800000	2421.0000000
121	1105.0000000	2154.8400000	2421.0000000
122	1105.0000000	2169.0400000	2421.0000000
123	1105.0000000	2171.4800000	2421.0000000
124	1105.0000000	2164.0400000	2421.0000000
125	1105.0000000	2163.7600000	2421.0000000
126	1105.0000000	2159.0400000	2421.0000000
127	1105.0000000	2171.1000000	2421.0000000
128	1105.0000000	2164.6400000	2421.0000000
129	1105.0000000	2163.0400000	2421.0000000
130	1105.0000000	2188.0800000	2500.0000000
131	1105.0000000	2201.6400000	2500.0000000
132	1105.0000000	2210.1000000	2500.0000000
133	1105.0000000	2215.5400000	2500.0000000
134	1105.0000000	2227.2600000	2500.0000000
135	1105.0000000	2236.9400000	2500.0000000
136	1105.0000000	2229.8800000	2500.0000000
137	1105.0000000	2230.6000000	2500.0000000
138	1105.0000000	2239.7800000	2500.0000000
139	1105.0000000	2238.5600000	2500.0000000
140	1105.0000000	2235.2000000	2500.0000000
141	1105.0000000	2233.7400000	2500.0000000
142	1105.0000000	2228.2000000	2500.0000000
143	1105.0000000	2223.6200000	2500.0000000
144	1105.0000000	2233.9400000	2500.0000000
145	1105.0000000	2234.9600000	2500.0000000
146	1105.0000000	2237.3400000	2500.0000000
147	1105.0000000	2242.2200000	2500.0000000
148	1105.0000000	2253.5400000	2500.0000000
149	1105.0000000	2246.4400000	2500.0000000
150	1105.0000000	2239.0200000	2500.0000000
151	1105.0000000	2237.9800000	2500.0000000
152	1105.0000000	2241.8400000	2500.0000000
153	1105.0000000	2243.4200000	2500.0000000
154	1105.0000000	2250.0600000	2500.0000000
155	1105.0000000	2244.3400000	2500.0000000
156	1105.0000000	2246.9800000	2500.0000000
157	1105.0000000	2239.7200000	2500.0000000
158	1105.0000000	2248.9000000	2500.0000000
159	1105.0000000	2245.7000000	2500.0000000
160	1354.0000000	2266.6600000	2500.0000000
161	1354.0000000	2270.3000000	2500.0000000
162	1354.0000000	2273.8000000	2500.0000000
163	1354.0000000	2273.8000000	2500.0000000
164	1354.0000000	2266.3000000	2500.0000000
165	1354.0000000	2261.6800000	2500.0000000
166	1354.0000000	2249.4200000	2500.0000000
167	1354.0000000	2244.4200000	2500.0000000
168	1354.0000000	2238.9800000	2500.0000000
169	1354.0000000	2250.5000000	2500.0000000
170	1354.0000000	2252.5600000	2500.0000000
171	1354.0000000	2258.3200000	2500.0000000
172	1354.0000000	2248.8200000	2500.0000000
173	1354.0000000	2259.6600000	2500.0000000
174	1354.0000000	2269.0800000	2500.0000000
175	1354.0000000	2268.2600000	2500.0000000
176	1354.0000000	2278.6200000	2500.0000000
177	1354.0000000	2276.5400000	2500.0000000
178	1354.0000000	2281.8800000	2500.0000000
179	1354.0000000	2307.6200000	2561.0000000
180	1354.0000000	2307.0200000	2561.0000000
181	1354.0000000	2298.4200000	2561.0000000
182	1354.0000000	2317.3600000	2561.0000000
183	1354.0000000	2327.7200000	2561.0000000
184	1354.0000000	2322.6600000	2561.0000000
185	1354.0000000	2329.6400000	2561.0000000
186	1354.0000000	2330.0800000	2561.0000000
187	1354.0000000	2329.5200000	2561.0000000
188	1354.0000000	2334.8000000	2561.0000000
189	1354.0000000	2333.2200000	2561.0000000
190	1354.0000000	2334.2000000	2561.0000000
191	1354.0000000	2332.3200000	2561.0000000
192	1354.0000000	2324.1600000	2561.0000000
193	1354.0000000	2330.1200000	2561.0000000
194	1354.0000000	2347.4800000	2561.0000000
195	1354.0000000	2338.8800000	2561.0000000
196	1354.0000000	2331.2000000	2561.0000000
197	1354.0000000	2334.6200000	2610.0000000
198	1354.0000000	2340.2400000	2610.0000000
199	1885.0000000	2368.8400000	2610.0000000
200	1885.0000000	2378.7200000	2610.0000000
201	1885.0000000	2386.8000000	2610.0000000
202	1769.0000000	2371.9400000	2610.0000000
203	1690.0000000	2370.2400000	2610.0000000
204	1690.0000000	2369.3600000	2610.0000000
205	1690.0000000	2360.4800000	2610.0000000
206	1690.0000000	2354.9600000	2610.0000000
207	1769.0000000	2359.7200000	2610.0000000
208	1769.0000000	2347.6600000	2610.0000000
209	1769.0000000	2355.3400000	2610.0000000
210	1818.0000000	2366.5600000	2610.0000000
211	1818.0000000	2376.7600000	2610.0000000
212	1818.0000000	2378.9200000	2610.0000000
213	1818.0000000	2382.7000000	2610.0000000
214	1818.0000000	2380.0800000	2610.0000000
215	1818.0000000	2379.7600000	2610.0000000
216	1818.0000000	2382.3200000	2610.0000000
217	1818.0000000	2383.9600000	2610.0000000
218	1818.0000000	2378.0600000	2610.0000000
219	1818.0000000	2369.3600000	2610.0000000
220	1818.0000000	2375.6600000	2677.0000000
221	1818.0000000	2370.2800000	2677.0000000
222	1818.0000000	2377.8800000	2677.0000000
223	1818.0000000	2384.3400000	2677.0000000
224	1818.0000000	2384.7600000	2677.0000000
225	1818.0000000	2382.7000000	2677.0000000
226	1818.0000000	2366.8600000	2677.0000000
227	1818.0000000	2363.8600000	2677.0000000
228	1818.0000000	2365.6200000	2677.0000000
229	1818.0000000	2372.0800000	2677.0000000
230	1818.0000000	2370.5000000	2677.0000000
231	1818.0000000	2365.3400000	2677.0000000
232	1818.0000000	2371.4800000	2677.0000000
233	1818.0000000	2388.8600000	2677.0000000
234	1818.0000000	2391.5800000	2746.0000000
235	1818.0000000	2399.4200000	2746.0000000
236	1818.0000000	2404.9600000	2746.0000000
237	1818.0000000	2404.9600000	2746.0000000
238	1818.0000000	2404.7000000	2746.0000000
239	1818.0000000	2413.6600000	2746.0000000
240	1818.0000000	2416.4200000	2746.0000000
241	1818.0000000	2435.3400000	2746.0000000
242	1818.0000000	2420.6000000	2746.0000000
243	1818.0000000	2446.4200000	2746.0000000
244	1818.0000000	2436.4000000	2746.0000000
245	1818.0000000	2441.2400000	2746.0000000
246	1818.0000000	2437.1800000	2746.0000000
247	1818.0000000	2442.3000000	2746.0000000
248	1865.0000000	2449.2800000	2746.0000000
249	1865.0000000	2444.7400000	2746.0000000
250	1865.0000000	2443.4000000	2746.0000000
251	1865.0000000	2447.2400000	2746.0000000
252	1865.0000000	2447.9000000	2746.0000000
253	1865.0000000	2472.4600000	2746.0000000
254	1865.0000000	2465.5200000	2746.0000000
255	1865.0000000	2475.5600000	2746.0000000
256	1865.0000000	2484.9600000	2746.0000000
257	1865.0000000	2475.0200000	2746.0000000
258	1865.0000000	2479.3400000	2746.0000000
259	1865.0000000	2495.8400000	2746.0000000
260	1865.0000000	2507.9400000	2746.0000000
261	1865.0000000	2503.7200000	2746.0000000
262	1865.0000000	2509.2400000	2746.0000000
263	1865.0000000	2525.6000000	2746.0000000
264	1865.0000000	2522.0000000	2746.0000000
265	1865.0000000	2530.2600000	2746.0000000
266	1865.0000000	2519.4200000	2746.0000000
267	1865.0000000	2512.7200000	2746.0000000
268	1865.0000000	2521.8000000	2746.0000000
269	1865.0000000	2530.4600000	2746.0000000
270	1865.0000000	2534.6400000	2746.0000000
271	1865.0000000	2534.4800000	2746.0000000
272	1865.0000000	2536.5600000	2746.0000000
273	1865.0000000	2536.5600000	2746.0000000
274	1765.0000000	2516.9400000	2746.0000000
275	1765.0000000	2516.8600000	2746.0000000
276	1765.0000000	2522.3800000	2746.0000000
277	1765.0000000	2534.4800000	2746.0000000
278	1765.0000000	2518.1600000	2746.0000000
279	1765.0000000	2517.0200000	2746.0000000
280	1765.0000000	2501.8000000	2746.0000000
281	1765.0000000	2504.6000000	2746.0000000
282	1765.0000000	2498.3000000	2746.0000000
283	1765.0000000	2493.3400000	2746.0000000
284	1765.0000000	2513.8400000	2746.0000000
285	1765.0000000	2511.2400000	2746.0000000
286	1765.0000000	2501.3000000	2746.0000000
287	1765.0000000	2495.7400000	2746.0000000
288	1765.0000000	2483.3200000	2746.0000000
289	1765.0000000	2495.3800000	2746.0000000
290	1765.0000000	2500.3000000	2746.0000000
291	1765.0000000	2514.2600000	2746.0000000
292	1985.0000000	2526.5800000	2746.0000000
293	1985.0000000	2536.5200000	2746.0000000
294	1861.0000000	2518.8200000	2746.0000000
295	1861.0000000	2519.3000000	2746.0000000
296	1861.0000000	2511.1400000	2746.0000000
297	1861.0000000	2515.2400000	2746.0000000
298	1861.0000000	2522.2600000	2746.0000000
299	1861.0000000	2519.0600000	2746.0000000
300	1861.0000000	2525.1400000	2746.0000000
301	1861.0000000	2520.8000000	2746.0000000
302	1861.0000000	2537.9200000	2906.0000000
303	1861.0000000	2538.0800000	2906.0000000
304	1861.0000000	2546.7600000	2906.0000000
305	1861.0000000	2563.3200000	2906.0000000
306	1861.0000000	2563.1600000	2906.0000000
307	1861.0000000	2550.7400000	2906.0000000
308	1861.0000000	2562.1000000	2906.0000000
309	1861.0000000	2583.9800000	2906.0000000
310	1861.0000000	2584.6600000	2906.0000000
311	1861.0000000	2578.7000000	2906.0000000
312	1861.0000000	2581.9000000	2906.0000000
313	1861.0000000	2589.6800000	2906.0000000
314	1861.0000000	2587.0000000	2906.0000000
315	1861.0000000	2613.4000000	2920.0000000
316	1861.0000000	2623.3400000	2965.0000000
317	1861.0000000	2624.1800000	2965.0000000
318	1861.0000000	2633.9400000	2965.0000000
319	1861.0000000	2632.0400000	2965.0000000
320	1861.0000000	2640.3200000	2965.0000000
321	1861.0000000	2644.5000000	2965.0000000
322	1861.0000000	2648.9800000	2965.0000000
323	1861.0000000	2649.1000000	2965.0000000
324	1861.0000000	2660.2200000	2965.0000000
325	1861.0000000	2659.0400000	2965.0000000
326	1861.0000000	2658.2600000	2965.0000000
327	1861.0000000	2671.0000000	2965.0000000
328	1861.0000000	2676.8000000	2965.0000000
329	1861.0000000	2667.0600000	2965.0000000
330	1861.0000000	2664.5000000	2965.0000000
331	1861.0000000	2670.0800000	2965.0000000
332	1861.0000000	2663.9600000	2965.0000000
333	1861.0000000	2652.6400000	2965.0000000
334	1861.0000000	2647.8600000	2965.0000000
335	1861.0000000	2655.5200000	2965.0000000
336	1861.0000000	2642.3800000	2965.0000000
337	1861.0000000	2653.3400000	2965.0000000
338	1861.0000000	2658.6200000	2965.0000000
339	1861.0000000	2665.7200000	2965.0000000
340	1861.0000000	2678.2200000	2969.0000000
341	1861.0000000	2688.3600000	3044.0000000
342	1861.0000000	2679.4400000	3044.0000000
343	2125.0000000	2711.4200000	3044.0000000
344	2125.0000000	2724.6800000	3044.0000000
345	2125.0000000	2726.2200000	3044.0000000
346	2125.0000000	2740.5000000	3044.0000000
347	2125.0000000	2744.8400000	3044.0000000
348	2125.0000000	2757.8200000	3044.0000000
349	2125.0000000	2760.8600000	3044.0000000
350	2125.0000000	2762.0800000	3044.0000000
351	2125.0000000	2764.6000000	3044.0000000
352	2125.0000000	2757.5400000	3044.0000000
353	2125.0000000	2744.5600000	3044.0000000
354	2125.0000000	2756.5800000	3044.0000000
355	2125.0000000	2755.6400000	3044.0000000
356	2125.0000000	2770.3200000	3044.0000000
357	2137.0000000	2782.6200000	3044.0000000
358	2117.0000000	2767.2400000	3044.0000000
359	2117.0000000	2768.0000000	3044.0000000
360	2117.0000000	2767.1800000	3044.0000000
361	2137.0000000	2778.1000000	3044.0000000
362	2137.0000000	2787.2200000	3121.0000000
363	2137.0000000	2787.3800000	3121.0000000
364	2137.0000000	2781.3400000	3121.0000000
365	2137.0000000	2795.9400000	3121.0000000
366	2050.0000000	2777.6400000	3121.0000000
367	2050.0000000	2775.9000000	3121.0000000
368	2050.0000000	2773.8400000	3121.0000000
369	2050.0000000	2776.8000000	3121.0000000
370	2050.0000000	2778.7000000	3121.0000000
371	2050.0000000	2776.8000000	3121.0000000
372	2050.0000000	2795.2600000	3121.0000000
373	2050.0000000	2784.8800000	3121.0000000
374	2050.0000000	2786.5000000	3121.0000000
375	2048.0000000	2798.1400000	3121.0000000
376	2048.0000000	2825.6800000	3121.0000000
377	2048.0000000	2827.6600000	3121.0000000
378	2048.0000000	2817.8400000	3121.0000000
379	1954.0000000	2805.0400000	3121.0000000
380	1954.0000000	2814.0800000	3121.0000000
381	1954.0000000	2816.7400000	3121.0000000
382	1954.0000000	2818.2000000	3121.0000000
383	2048.0000000	2828.5200000	3121.0000000
384	2048.0000000	2818.2200000	3121.0000000
385	2048.0000000	2821.1800000	3121.0000000
386	2048.0000000	2812.5400000	3121.0000000
387	2048.0000000	2813.9600000	3121.0000000
388	2048.0000000	2841.2200000	3121.0000000
389	2048.0000000	2845.5200000	3121.0000000
390	2048.0000000	2835.6600000	3121.0000000
391	2048.0000000	2838.8600000	3121.0000000
392	2048.0000000	2868.4800000	3121.0000000
393	2048.0000000	2863.9800000	3121.0000000
394	2048.0000000	2860.9000000	3121.0000000
395	2048.0000000	2862.5200000	3121.0000000
396	2048.0000000	2852.9800000	3121.0000000
397	2048.0000000	2855.8600000	3121.0000000
398	2048.0000000	2842.6000000	3121.0000000
399	2048.0000000	2838.3400000	3121.0000000
400	2048.0000000	2837.1200000	3121.0000000
401	2178.0000000	2846.7000000	3121.0000000
402	2178.0000000	2842.0800000	3121.0000000
403	2178.0000000	2856.6800000	3121.0000000
404	2178.0000000	2843.4200000	3121.0000000
405	2178.0000000	2852.5400000	3121.0000000
406	2178.0000000	2855.5000000	3121.0000000
407	2178.0000000	2854.0400000	3121.0000000
408	2186.0000000	2858.1000000	3121.0000000
409	2186.0000000	2862.7200000	3121.0000000
410	2186.0000000	2858.1000000	3121.0000000
411	2186.0000000	2868.6400000	3121.0000000
412	2186.0000000	2872.9000000	3121.0000000
413	2186.0000000	2879.8000000	3121.0000000
414	2186.0000000	2870.7600000	3121.0000000
415	2186.0000000	2881.0600000	3121.0000000
416	2186.0000000	2876.6400000	3121.0000000
417	2186.0000000	2886.7400000	3121.0000000
418	2186.0000000	2883.8600000	3121.0000000
419	2186.0000000	2890.1400000	3121.0000000
420	2186.0000000	2897.5200000	3121.0000000
421	2186.0000000	2891.6800000	3121.0000000
422	2186.0000000	2893.1000000	3121.0000000
423	2186.0000000	2884.0600000	3121.0000000
424	2186.0000000	2893.4200000	3121.0000000
425	2186.0000000	2885.8000000	3121.0000000
426	2186.0000000	2878.5000000	3121.0000000
427	2381.0000000	2895.6600000	3121.0000000
428	2173.0000000	2885.7400000	3121.0000000
429	2173.0000000	2879.5800000	3121.0000000
430	2173.0000000	2882.2200000	3121.0000000
431	2173.0000000	2876.5400000	3121.0000000
432	2173.0000000	2885.5000000	3121.0000000
433	2173.0000000	2891.0600000	3121.0000000
434	2381.0000000	2923.2400000	3121.0000000
435	2381.0000000	2911.3200000	3121.0000000
436	2381.0000000	2899.4000000	3121.0000000
437	2381.0000000	2892.1000000	3121.0000000
438	2381.0000000	2892.1000000	3121.0000000
439	2381.0000000	2890.5200000	3121.0000000
440	2381.0000000	2900.7000000	3121.0000000
441	2381.0000000	2888.8200000	3121.0000000
442	2385.0000000	2906.4200000	3121.0000000
443	2050.0000000	2895.4200000	3121.0000000
444	2050.0000000	2910.5400000	3121.0000000
445	2050.0000000	2920.3000000	3121.0000000
446	2050.0000000	2919.6000000	3121.0000000
447	2050.0000000	2906.3400000	3121.0000000
448	2050.0000000	2907.8600000	3121.0000000
449	2050.0000000	2912.0000000	3121.0000000
450	2050.0000000	2902.9600000	3121.0000000
451	2050.0000000	2907.2600000	3121.0000000
452	2050.0000000	2914.9600000	3121.0000000
453	2050.0000000	2914.4800000	3121.0000000
454	2228.0000000	2921.1000000	3121.0000000
455	2228.0000000	2912.3400000	3121.0000000
456	2228.0000000	2911.2000000	3121.0000000
457	2228.0000000	2902.5600000	3121.0000000
458	2228.0000000	2898.3400000	3121.0000000
459	2228.0000000	2900.1200000	3121.0000000
460	2228.0000000	2902.7200000	3121.0000000
461	2228.0000000	2909.9000000	3121.0000000
462	2228.0000000	2917.4800000	3121.0000000
463	2125.0000000	2907.1400000	3121.0000000
464	2125.0000000	2907.0200000	3121.0000000
465	2125.0000000	2899.4000000	3121.0000000
466	2125.0000000	2911.1000000	3121.0000000
467	2125.0000000	2893.5800000	3121.0000000
468	2125.0000000	2899.7400000	3121.0000000
469	2125.0000000	2896.9000000	3121.0000000
470	2125.0000000	2896.9800000	3121.0000000
471	2125.0000000	2909.3000000	3121.0000000
472	2125.0000000	2902.3200000	3121.0000000
473	2125.0000000	2899.2400000	3121.0000000
474	2125.0000000	2894.8600000	3121.0000000
475	2125.0000000	2897.5800000	3121.0000000
476	2125.0000000	2903.3400000	3121.0000000
477	2125.0000000	2888.5400000	3121.0000000
478	2125.0000000	2895.8000000	3121.0000000
479	2125.0000000	2917.2400000	3293.0000000
480	2125.0000000	2913.3800000	3293.0000000
481	2125.0000000	2920.0200000	3293.0000000
482	2125.0000000	2938.0200000	3293.0000000
483	2125.0000000	2941.5400000	3293.0000000
484	2125.0000000	2959.7800000	3293.0000000
485	2113.0000000	2943.0600000	3293.0000000
486	2113.0000000	2942.6600000	3293.0000000
487	2113.0000000	2932.9600000	3293.0000000
488	2113.0000000	2933.2000000	3293.0000000
489	2113.0000000	2926.1000000	3293.0000000
490	2113.0000000	2930.9600000	3293.0000000
491	2113.0000000	2931.0800000	3293.0000000
492	2113.0000000	2931.4800000	3293.0000000
493	2113.0000000	2933.1000000	3293.0000000
494	2113.0000000	2943.1200000	3293.0000000
495	2113.0000000	2946.6400000	3293.0000000
496	2113.0000000	2932.6600000	3293.0000000
497	2113.0000000	2925.5600000	3293.0000000
498	2113.0000000	2934.7200000	3293.0000000
499	2113.0000000	2933.7400000	3293.0000000
500	2113.0000000	2924.8600000	3293.0000000
501	2113.0000000	2913.5000000	3293.0000000
502	2113.0000000	2938.3800000	3293.0000000
503	2113.0000000	2950.4600000	3293.0000000
504	2125.0000000	2962.1000000	3293.0000000
505	2125.0000000	2979.0200000	3293.0000000
506	2125.0000000	2988.7000000	3293.0000000
507	2385.0000000	3014.9400000	3293.0000000
508	2385.0000000	3015.1000000	3293.0000000
509	2385.0000000	3016.6000000	3293.0000000
510	2320.0000000	3024.9000000	3293.0000000
511	2320.0000000	3030.9400000	3293.0000000
512	2320.0000000	3023.0200000	3293.0000000
513	2320.0000000	3030.1200000	3293.0000000
514	2320.0000000	3025.6200000	3293.0000000
515	2320.0000000	3037.8000000	3293.0000000
516	2320.0000000	3024.4200000	3293.0000000
517	2320.0000000	3028.8000000	3293.0000000
518	2320.0000000	3046.4600000	3293.0000000
519	2314.0000000	3036.4800000	3293.0000000
520	2314.0000000	3027.1200000	3293.0000000
521	2314.0000000	3043.3800000	3293.0000000
522	2314.0000000	3050.8000000	3293.0000000
523	2314.0000000	3054.4200000	3293.0000000
524	2314.0000000	3063.9600000	3293.0000000
525	2314.0000000	3059.4600000	3293.0000000
526	2314.0000000	3059.4600000	3293.0000000
527	2314.0000000	3063.0600000	3293.0000000
528	2314.0000000	3055.0000000	3293.0000000
529	2314.0000000	3041.0200000	3293.0000000
530	2314.0000000	3032.3800000	3293.0000000
531	2314.0000000	3040.4400000	3293.0000000
532	2314.0000000	3053.0000000	3293.0000000
533	2269.0000000	3050.6800000	3293.0000000
534	2269.0000000	3053.8000000	3293.0000000
535	2269.0000000	3060.2000000	3293.0000000
536	2314.0000000	3085.5400000	3293.0000000
537	2314.0000000	3081.4800000	3293.0000000
538	2314.0000000	3081.6000000	3293.0000000
539	2314.0000000	3079.7800000	3293.0000000
540	2314.0000000	3097.5400000	3293.0000000
541	2314.0000000	3101.1000000	3293.0000000
542	2314.0000000	3107.9000000	3293.0000000
543	2314.0000000	3098.7800000	3293.0000000
544	2249.0000000	3077.9000000	3293.0000000
545	2249.0000000	3068.6600000	3293.0000000
546	2249.0000000	3071.7800000	3293.0000000
547	2249.0000000	3061.6800000	3293.0000000
548	2249.0000000	3060.1000000	3293.0000000
549	2249.0000000	3060.0600000	3293.0000000
550	2249.0000000	3048.7000000	3293.0000000
551	2249.0000000	3055.1400000	3293.0000000
552	2048.0000000	3030.2400000	3293.0000000
553	2048.0000000	3035.4200000	3293.0000000
554	2048.0000000	3037.3600000	3293.0000000
555	2048.0000000	3037.5200000	3293.0000000
556	2048.0000000	3023.2800000	3293.0000000
557	2048.0000000	3003.6600000	3293.0000000
558	2048.0000000	3017.9400000	3293.0000000
559	2048.0000000	3017.9400000	3293.0000000
560	2048.0000000	3014.7400000	3293.0000000
561	2048.0000000	3009.8800000	3293.0000000
562	2048.0000000	2995.8600000	3293.0000000
563	2048.0000000	2992.6600000	3293.0000000
564	2048.0000000	2994.0000000	3293.0000000
565	2048.0000000	2986.5600000	3293.0000000
566	2048.0000000	2977.5200000	3293.0000000
567	2048.0000000	2978.0000000	3293.0000000
568	2048.0000000	2973.1400000	3293.0000000
569	2048.0000000	2964.0200000	3293.0000000
570	2048.0000000	2978.5400000	3293.0000000
571	2048.0000000	2973.8000000	3293.0000000
572	1922.0000000	2971.6400000	3293.0000000
573	1922.0000000	2966.7800000	3293.0000000
574	1922.0000000	2969.6600000	3293.0000000
575	1922.0000000	2968.7000000	3293.0000000
576	1922.0000000	2971.3400000	3293.0000000
577	1922.0000000	2966.9200000	3293.0000000
578	1922.0000000	2966.6000000	3293.0000000
579	1922.0000000	2998.3400000	3293.0000000
580	1922.0000000	3007.6000000	3293.0000000
581	1922.0000000	3001.5200000	3293.0000000
582	1922.0000000	2983.3600000	3293.0000000
583	1922.0000000	2975.3000000	3293.0000000
584	1922.0000000	2972.1400000	3293.0000000
585	1922.0000000	2970.8800000	3293.0000000
586	1922.0000000	2965.0800000	3293.0000000
587	1922.0000000	2958.9600000	3293.0000000
588	1922.0000000	2962.2400000	3293.0000000
589	1922.0000000	2965.4400000	3293.0000000
590	2048.0000000	2978.8800000	3293.0000000
591	2048.0000000	2960.8800000	3293.0000000
592	2048.0000000	2951.5200000	3293.0000000
593	2048.0000000	2959.7800000	3293.0000000
594	2048.0000000	2979.6000000	3293.0000000
595	2048.0000000	2970.6000000	3293.0000000
596	2048.0000000	2969.0600000	3293.0000000
597	2048.0000000	2962.9800000	3293.0000000
598	2048.0000000	2959.5400000	3293.0000000
599	2048.0000000	2963.8600000	3293.0000000
600	2048.0000000	2960.9800000	3293.0000000
601	2048.0000000	2949.9200000	3293.0000000
602	2048.0000000	2936.0600000	3293.0000000
603	2048.0000000	2926.7000000	3293.0000000
604	2048.0000000	2921.8800000	3293.0000000
605	2048.0000000	2925.1600000	3293.0000000
606	2257.0000000	2954.5600000	3293.0000000
607	2312.0000000	2956.0200000	3293.0000000
608	2312.0000000	2971.6600000	3293.0000000
609	2113.0000000	2948.0600000	3293.0000000
610	2113.0000000	2956.2400000	3293.0000000
611	2113.0000000	2954.9800000	3293.0000000
612	2113.0000000	2943.8800000	3293.0000000
613	2113.0000000	2961.3200000	3293.0000000
614	2113.0000000	2963.3400000	3293.0000000
615	2113.0000000	2974.2400000	3293.0000000
616	2113.0000000	2985.1800000	3293.0000000
617	2113.0000000	2991.2600000	3293.0000000
618	2113.0000000	2995.5600000	3293.0000000
619	2113.0000000	2975.9800000	3293.0000000
620	2113.0000000	2970.6200000	3293.0000000
621	2113.0000000	2973.5800000	3293.0000000
622	2113.0000000	2961.1000000	3293.0000000
623	2113.0000000	2950.2400000	3293.0000000
624	2113.0000000	2971.6800000	3293.0000000
625	2113.0000000	2980.3200000	3293.0000000
626	2113.0000000	2972.5800000	3293.0000000
627	2113.0000000	2966.6600000	3293.0000000
628	2113.0000000	2956.2000000	3293.0000000
629	2113.0000000	2985.0800000	3293.0000000
630	2113.0000000	2980.7800000	3293.0000000
631	2113.0000000	2974.3000000	3293.0000000
632	2113.0000000	2980.2200000	3293.0000000
633	2113.0000000	2997.1400000	3293.0000000
634	2113.0000000	2981.7800000	3293.0000000
635	2314.0000000	3005.5400000	3293.0000000
636	2314.0000000	3014.9000000	3293.0000000
637	2314.0000000	3010.3200000	3293.0000000
638	2314.0000000	3002.4200000	3293.0000000
639	2314.0000000	2992.9000000	3293.0000000
640	2314.0000000	3005.5000000	3293.0000000
641	2314.0000000	2995.9800000	3293.0000000
642	2314.0000000	2994.5600000	3293.0000000
643	2314.0000000	3004.2200000	3293.0000000
644	2314.0000000	3021.8400000	3293.0000000
645	2314.0000000	3009.7600000	3293.0000000
646	2314.0000000	3007.1200000	3293.0000000
647	2314.0000000	3018.1400000	3293.0000000
648	2314.0000000	3007.0400000	3293.0000000
649	2314.0000000	3006.0200000	3293.0000000
650	2314.0000000	3009.6200000	3293.0000000
651	2314.0000000	3017.3600000	3293.0000000
652	2314.0000000	3018.9400000	3293.0000000
653	2314.0000000	2999.3600000	3293.0000000
654	2314.0000000	3000.3000000	3293.0000000
655	2314.0000000	2993.8200000	3293.0000000
656	2314.0000000	2994.9200000	3293.0000000
657	2314.0000000	2998.6800000	3293.0000000
658	2314.0000000	2998.5200000	3293.0000000
659	2314.0000000	2988.4200000	3293.0000000
660	2314.0000000	2996.9600000	3293.0000000
661	2314.0000000	3015.7000000	3370.0000000
662	2314.0000000	3028.0600000	3370.0000000
663	2314.0000000	3024.5000000	3370.0000000
664	2314.0000000	3027.4200000	3370.0000000
665	2245.0000000	3006.4600000	3370.0000000
666	2245.0000000	2991.3000000	3370.0000000
667	2245.0000000	2989.6800000	3370.0000000
668	2137.0000000	2981.9600000	3370.0000000
669	1985.0000000	2969.8200000	3370.0000000
670	1985.0000000	2968.0800000	3370.0000000
671	1985.0000000	2983.2400000	3370.0000000
672	1985.0000000	2972.5000000	3370.0000000
673	1985.0000000	2982.4800000	3370.0000000
674	1985.0000000	2982.4800000	3370.0000000
675	1985.0000000	2976.0800000	3370.0000000
676	1985.0000000	2974.5000000	3370.0000000
677	2137.0000000	2999.1600000	3370.0000000
678	2137.0000000	2994.3000000	3370.0000000
679	2137.0000000	3009.9800000	3370.0000000
680	2137.0000000	3002.9600000	3370.0000000
681	2137.0000000	2989.5400000	3370.0000000
682	2137.0000000	2988.2800000	3370.0000000
683	2137.0000000	2987.6200000	3370.0000000
684	2137.0000000	2981.0600000	3370.0000000
685	2137.0000000	2983.7000000	3370.0000000
686	2137.0000000	2993.7200000	3370.0000000
687	2137.0000000	3005.6400000	3370.0000000
688	2137.0000000	3002.4400000	3370.0000000
689	2137.0000000	3001.0200000	3370.0000000
690	2137.0000000	3011.6800000	3370.0000000
691	2137.0000000	2996.4000000	3370.0000000
692	2137.0000000	3005.9200000	3370.0000000
693	2137.0000000	3006.0000000	3370.0000000
694	2137.0000000	2999.6000000	3370.0000000
695	2137.0000000	3001.6400000	3370.0000000
696	2137.0000000	2988.0200000	3370.0000000
697	2137.0000000	2969.9800000	3370.0000000
698	2137.0000000	2963.5000000	3370.0000000
699	2137.0000000	2949.4800000	3370.0000000
700	2137.0000000	2950.9800000	3370.0000000
701	2137.0000000	2943.6400000	3370.0000000
702	2137.0000000	2926.9000000	3370.0000000
703	2137.0000000	2926.9000000	3370.0000000
704	2137.0000000	2930.1000000	3370.0000000
705	2137.0000000	2945.2600000	3370.0000000
706	2137.0000000	2974.9400000	3370.0000000
707	2314.0000000	2998.4600000	3370.0000000
708	2450.0000000	3026.6800000	3370.0000000
709	2450.0000000	3022.1800000	3370.0000000
710	2450.0000000	3024.7400000	3370.0000000
711	2312.0000000	3022.5400000	3370.0000000
712	2312.0000000	3043.4600000	3370.0000000
713	2312.0000000	3034.1800000	3370.0000000
714	2312.0000000	3027.1800000	3370.0000000
715	2312.0000000	3037.3200000	3370.0000000
716	2312.0000000	3040.2400000	3370.0000000
717	2312.0000000	3046.4800000	3370.0000000
718	2312.0000000	3050.1200000	3370.0000000
719	2312.0000000	3048.5400000	3370.0000000
720	2312.0000000	3038.0400000	3370.0000000
721	2312.0000000	3035.2000000	3370.0000000
722	2312.0000000	3050.3600000	3370.0000000
723	2312.0000000	3065.5600000	3370.0000000
724	2312.0000000	3057.4600000	3370.0000000
725	2312.0000000	3064.8000000	3370.0000000
726	2312.0000000	3051.6200000	3370.0000000
727	2312.0000000	3050.6000000	3370.0000000
728	2312.0000000	3059.0600000	3370.0000000
729	2312.0000000	3051.5600000	3370.0000000
730	2312.0000000	3056.2200000	3370.0000000
731	2312.0000000	3057.4800000	3370.0000000
732	2312.0000000	3060.2800000	3370.0000000
733	2312.0000000	3074.5400000	3370.0000000
734	2312.0000000	3074.5400000	3370.0000000
735	2312.0000000	3089.3400000	3370.0000000
736	2312.0000000	3092.4600000	3370.0000000
737	2312.0000000	3081.3200000	3370.0000000
738	2452.0000000	3094.4600000	3370.0000000
739	2450.0000000	3076.0600000	3370.0000000
740	2450.0000000	3087.2000000	3370.0000000
741	2450.0000000	3091.5400000	3370.0000000
742	2450.0000000	3089.3000000	3370.0000000
743	2450.0000000	3075.3200000	3370.0000000
744	2450.0000000	3069.1200000	3370.0000000
745	2452.0000000	3090.5200000	3370.0000000
746	2452.0000000	3079.6200000	3370.0000000
747	2452.0000000	3071.5200000	3370.0000000
748	2452.0000000	3054.5600000	3370.0000000
749	2452.0000000	3054.7200000	3370.0000000
750	2452.0000000	3071.6200000	3370.0000000
751	2452.0000000	3070.2000000	3370.0000000
752	2452.0000000	3064.0000000	3370.0000000
753	2452.0000000	3081.8800000	3370.0000000
754	2452.0000000	3102.9200000	3370.0000000
755	2450.0000000	3100.0400000	3370.0000000
756	2450.0000000	3116.4800000	3370.0000000
757	2450.0000000	3099.7400000	3370.0000000
758	2450.0000000	3117.7400000	3370.0000000
759	2450.0000000	3113.2400000	3370.0000000
760	2450.0000000	3129.2400000	3370.0000000
761	2125.0000000	3114.2800000	3370.0000000
762	2125.0000000	3140.0200000	3528.0000000
763	2125.0000000	3137.3000000	3528.0000000
764	2125.0000000	3137.2600000	3528.0000000
765	2125.0000000	3137.9800000	3528.0000000
766	2125.0000000	3128.8600000	3528.0000000
767	2125.0000000	3128.6200000	3528.0000000
768	2125.0000000	3133.4000000	3528.0000000
769	2125.0000000	3114.1000000	3528.0000000
770	2125.0000000	3107.1200000	3528.0000000
771	2125.0000000	3113.0800000	3528.0000000
772	2125.0000000	3099.4600000	3528.0000000
773	2125.0000000	3118.1000000	3528.0000000
774	2125.0000000	3112.3800000	3528.0000000
775	2125.0000000	3107.6800000	3528.0000000
776	2125.0000000	3130.9400000	3528.0000000
777	2405.0000000	3150.9800000	3528.0000000
778	2405.0000000	3132.6200000	3528.0000000
779	2405.0000000	3124.5200000	3528.0000000
780	2405.0000000	3116.5000000	3528.0000000
781	2405.0000000	3119.6600000	3528.0000000
782	2405.0000000	3130.1000000	3528.0000000
783	2405.0000000	3130.1000000	3528.0000000
784	2405.0000000	3139.6200000	3528.0000000
785	2452.0000000	3172.6200000	3528.0000000
786	2452.0000000	3195.0000000	3528.0000000
787	2452.0000000	3198.2000000	3528.0000000
788	2452.0000000	3186.9400000	3528.0000000
789	2452.0000000	3188.4400000	3528.0000000
790	2452.0000000	3194.2000000	3528.0000000
791	2452.0000000	3194.2000000	3528.0000000
792	2452.0000000	3188.0400000	3528.0000000
793	2452.0000000	3188.1600000	3528.0000000
794	2452.0000000	3178.5600000	3528.0000000
795	2452.0000000	3179.9000000	3528.0000000
796	2452.0000000	3184.5200000	3528.0000000
797	2452.0000000	3186.1000000	3528.0000000
798	2452.0000000	3197.3600000	3528.0000000
799	2452.0000000	3213.0800000	3528.0000000
800	2452.0000000	3206.5600000	3528.0000000
801	2452.0000000	3196.8800000	3528.0000000
802	2452.0000000	3207.9800000	3528.0000000
803	2452.0000000	3192.1800000	3528.0000000
804	2452.0000000	3187.4400000	3528.0000000
805	2452.0000000	3170.1800000	3528.0000000
806	2452.0000000	3159.0000000	3528.0000000
807	2393.0000000	3144.3600000	3528.0000000
808	2393.0000000	3153.9600000	3530.0000000
809	2393.0000000	3152.3800000	3530.0000000
810	2344.0000000	3150.2600000	3530.0000000
811	2344.0000000	3158.6000000	3530.0000000
812	2344.0000000	3155.9600000	3530.0000000
813	2344.0000000	3164.8400000	3530.0000000
814	2344.0000000	3149.0800000	3530.0000000
815	2344.0000000	3158.3600000	3530.0000000
816	2344.0000000	3168.2000000	3530.0000000
817	2344.0000000	3176.5800000	3530.0000000
818	2344.0000000	3190.0000000	3530.0000000
819	2344.0000000	3196.2400000	3530.0000000
820	2344.0000000	3178.9800000	3530.0000000
821	2344.0000000	3174.0000000	3530.0000000
822	2344.0000000	3172.7000000	3530.0000000
823	2344.0000000	3169.7400000	3530.0000000
824	2344.0000000	3188.1400000	3530.0000000
825	2344.0000000	3212.7000000	3530.0000000
826	2393.0000000	3225.3600000	3530.0000000
827	2393.0000000	3230.4600000	3530.0000000
828	2393.0000000	3230.6600000	3530.0000000
829	2245.0000000	3213.1800000	3530.0000000
830	2245.0000000	3201.9600000	3530.0000000
831	2245.0000000	3203.6200000	3530.0000000
832	2245.0000000	3195.3400000	3530.0000000
833	2245.0000000	3190.8800000	3530.0000000
834	2245.0000000	3189.1000000	3530.0000000
835	2245.0000000	3181.0400000	3530.0000000
836	2245.0000000	3169.8600000	3530.0000000
837	2245.0000000	3177.6800000	3530.0000000
838	2245.0000000	3166.5000000	3530.0000000
839	2245.0000000	3160.6600000	3530.0000000
840	2245.0000000	3169.7800000	3530.0000000
841	2245.0000000	3160.1000000	3530.0000000
842	2245.0000000	3153.9400000	3530.0000000
843	2245.0000000	3138.1000000	3530.0000000
844	2245.0000000	3138.1800000	3530.0000000
845	2245.0000000	3147.8200000	3530.0000000
846	2393.0000000	3181.1000000	3530.0000000
847	2393.0000000	3173.0000000	3530.0000000
848	2393.0000000	3174.5000000	3530.0000000
849	2381.0000000	3190.1000000	3530.0000000
850	2381.0000000	3186.9000000	3530.0000000
851	2381.0000000	3183.9400000	3530.0000000
852	2381.0000000	3183.9800000	3530.0000000
853	2381.0000000	3193.6200000	3530.0000000
854	2381.0000000	3196.9800000	3530.0000000
855	2381.0000000	3179.9200000	3530.0000000
856	2381.0000000	3165.8200000	3530.0000000
857	2381.0000000	3169.0200000	3530.0000000
858	2381.0000000	3154.6800000	3530.0000000
859	2381.0000000	3170.0400000	3530.0000000
860	2482.0000000	3182.6800000	3530.0000000
861	2482.0000000	3179.7200000	3530.0000000
862	2482.0000000	3199.6600000	3530.0000000
863	2482.0000000	3203.9200000	3530.0000000
864	2482.0000000	3203.9200000	3530.0000000
865	2482.0000000	3208.9800000	3530.0000000
866	2482.0000000	3198.6000000	3530.0000000
867	2482.0000000	3200.1800000	3530.0000000
868	2482.0000000	3204.5600000	3530.0000000
869	2525.0000000	3226.8200000	3530.0000000
870	2525.0000000	3223.7400000	3530.0000000
871	2525.0000000	3213.9800000	3530.0000000
872	2525.0000000	3243.6800000	3530.0000000
873	2525.0000000	3229.5800000	3530.0000000
874	2525.0000000	3249.6000000	3530.0000000
875	2525.0000000	3256.0800000	3530.0000000
876	2385.0000000	3245.6600000	3530.0000000
877	2521.0000000	3261.0600000	3530.0000000
878	2521.0000000	3262.7600000	3530.0000000
879	2521.0000000	3256.6000000	3530.0000000
880	2521.0000000	3258.2200000	3530.0000000
881	2521.0000000	3276.8200000	3530.0000000
882	2521.0000000	3267.1000000	3530.0000000
883	2521.0000000	3266.9400000	3530.0000000
884	2521.0000000	3271.6000000	3530.0000000
885	2521.0000000	3276.4200000	3530.0000000
886	2521.0000000	3275.2000000	3530.0000000
887	2521.0000000	3297.2800000	3530.0000000
888	2677.0000000	3313.9800000	3530.0000000
889	2677.0000000	3318.8800000	3530.0000000
890	2677.0000000	3321.7600000	3530.0000000
891	2677.0000000	3326.4200000	3530.0000000
892	2677.0000000	3339.3400000	3530.0000000
893	2677.0000000	3334.3600000	3530.0000000
894	2677.0000000	3338.7400000	3530.0000000
895	2677.0000000	3332.6600000	3530.0000000
896	2677.0000000	3324.8800000	3530.0000000
897	2665.0000000	3317.1800000	3530.0000000
898	2665.0000000	3322.2800000	3530.0000000
899	2677.0000000	3328.5200000	3530.0000000
900	2600.0000000	3319.6400000	3530.0000000
901	2594.0000000	3300.9200000	3530.0000000
902	2594.0000000	3296.1800000	3530.0000000
903	2594.0000000	3288.1200000	3530.0000000
904	2594.0000000	3275.3200000	3530.0000000
905	2594.0000000	3258.1000000	3530.0000000
906	2594.0000000	3256.6000000	3530.0000000
907	2594.0000000	3268.7600000	3530.0000000
908	2594.0000000	3267.2600000	3530.0000000
909	2594.0000000	3255.9600000	3530.0000000
910	2381.0000000	3244.0400000	3530.0000000
911	2381.0000000	3239.6600000	3530.0000000
912	2381.0000000	3228.8400000	3530.0000000
913	2381.0000000	3243.3000000	3530.0000000
914	2381.0000000	3232.8000000	3530.0000000
915	2381.0000000	3248.2800000	3530.0000000
916	2381.0000000	3246.7400000	3530.0000000
917	2381.0000000	3276.6000000	3530.0000000
918	2381.0000000	3281.5400000	3530.0000000
919	2381.0000000	3275.3000000	3530.0000000
920	2381.0000000	3259.8200000	3530.0000000
921	2381.0000000	3250.2200000	3530.0000000
922	2381.0000000	3237.4200000	3530.0000000
923	2381.0000000	3228.0200000	3530.0000000
924	2117.0000000	3226.9000000	3530.0000000
925	2117.0000000	3223.5800000	3530.0000000
926	2117.0000000	3223.5000000	3530.0000000
927	2117.0000000	3231.2000000	3530.0000000
928	2117.0000000	3215.7200000	3530.0000000
929	2117.0000000	3233.1000000	3530.0000000
930	2117.0000000	3229.9000000	3530.0000000
931	2117.0000000	3237.7600000	3530.0000000
932	2117.0000000	3245.1000000	3530.0000000
933	2117.0000000	3241.9000000	3530.0000000
934	2117.0000000	3257.5000000	3530.0000000
935	2117.0000000	3273.1400000	3530.0000000
936	2117.0000000	3282.8600000	3530.0000000
937	2117.0000000	3288.9800000	3530.0000000
938	2117.0000000	3288.7800000	3530.0000000
939	2117.0000000	3279.1800000	3530.0000000
940	2117.0000000	3285.9400000	3530.0000000
941	2117.0000000	3268.7200000	3530.0000000
942	2117.0000000	3262.1200000	3530.0000000
943	2117.0000000	3268.3600000	3530.0000000
944	2117.0000000	3256.4800000	3530.0000000
945	2117.0000000	3258.1800000	3530.0000000
946	2117.0000000	3250.9200000	3530.0000000
947	2117.0000000	3244.6000000	3530.0000000
948	2117.0000000	3243.0600000	3530.0000000
949	2117.0000000	3243.0600000	3530.0000000
950	2117.0000000	3232.5600000	3530.0000000
951	2117.0000000	3222.1000000	3530.0000000
952	2117.0000000	3224.7400000	3530.0000000
953	2117.0000000	3238.2000000	3530.0000000
954	2117.0000000	3245.0000000	3530.0000000
955	2117.0000000	3252.9800000	3530.0000000
956	2117.0000000	3242.3600000	3530.0000000
957	2117.0000000	3222.7800000	3530.0000000
958	2117.0000000	3208.6800000	3530.0000000
959	2117.0000000	3197.3800000	3530.0000000
960	2117.0000000	3187.7800000	3530.0000000
961	2117.0000000	3176.7200000	3530.0000000
962	2117.0000000	3175.2200000	3530.0000000
963	2117.0000000	3182.5600000	3530.0000000
964	2117.0000000	3162.3800000	3530.0000000
965	2117.0000000	3184.5400000	3530.0000000
966	2117.0000000	3178.1400000	3530.0000000
967	2117.0000000	3174.9400000	3530.0000000
968	2117.0000000	3193.6600000	3530.0000000
969	2117.0000000	3186.2800000	3530.0000000
970	2117.0000000	3172.1800000	3530.0000000
971	2117.0000000	3164.8000000	3530.0000000
972	2117.0000000	3144.7000000	3530.0000000
973	2117.0000000	3150.9400000	3530.0000000
974	2117.0000000	3135.1400000	3530.0000000
975	2117.0000000	3126.9200000	3530.0000000
976	2117.0000000	3121.9400000	3530.0000000
977	2117.0000000	3120.4400000	3530.0000000
978	2117.0000000	3128.3000000	3530.0000000
979	2117.0000000	3145.0400000	3530.0000000
980	2117.0000000	3149.4200000	3530.0000000
981	2117.0000000	3158.1200000	3530.0000000
982	2117.0000000	3169.9600000	3530.0000000
983	2117.0000000	3169.7200000	3530.0000000
984	2117.0000000	3179.2800000	3530.0000000
985	2117.0000000	3205.3800000	3530.0000000
986	2117.0000000	3219.5200000	3530.0000000
987	2117.0000000	3194.3000000	3530.0000000
988	2117.0000000	3198.5600000	3530.0000000
989	2117.0000000	3193.8200000	3530.0000000
990	2117.0000000	3204.1200000	3530.0000000
991	2117.0000000	3214.4000000	3530.0000000
992	2117.0000000	3215.7000000	3530.0000000
993	2117.0000000	3223.2000000	3530.0000000
994	2269.0000000	3244.9000000	3530.0000000
995	2269.0000000	3253.0000000	3530.0000000
996	2269.0000000	3248.1000000	3530.0000000
997	2450.0000000	3259.0600000	3530.0000000
998	2450.0000000	3265.1000000	3530.0000000
999	2450.0000000	3261.0800000	3530.0000000
1000	2450.0000000	3267.3200000	3530.0000000
