f1.pc.01.pm.01.e0.sel1.r1.sem10:# 3202.000000  0  66
f1.pc.01.pm.01.e0.sel1.r1.sem112:# 3050.000000  0  630
f1.pc.01.pm.01.e0.sel1.r1.sem122:# 3208.000000  0  346
f1.pc.01.pm.01.e0.sel1.r1.sem1534:# 2977.000000  0  445
f1.pc.01.pm.01.e0.sel1.r1.sem163:# 3285.000000  0  528
f1.pc.01.pm.01.e0.sel1.r1.sem178:# 3133.000000  0  998
f1.pc.01.pm.01.e0.sel1.r1.sem34:# 3250.000000  0  487
f1.pc.01.pm.01.e0.sel1.r1.sem354123:# 3445.000000  0  417
f1.pc.01.pm.01.e0.sel1.r1.sem376254:# 3202.000000  0  204
f1.pc.01.pm.01.e0.sel1.r1.sem4223:# 3305.000000  0  876
f1.pc.01.pm.01.e0.sel1.r1.sem43:# 3305.000000  0  583
f1.pc.01.pm.01.e0.sel1.r1.sem463:# 3121.000000  0  645
f1.pc.01.pm.01.e0.sel1.r1.sem5143:# 3445.000000  0  249
f1.pc.01.pm.01.e0.sel1.r1.sem53:# 3485.000000  0  816
f1.pc.01.pm.01.e0.sel1.r1.sem666:# 3250.000000  0  376
f1.pc.01.pm.01.e0.sel1.r1.sem74263:# 3044.000000  0  79
f1.pc.01.pm.01.e0.sel1.r1.sem786:# 3281.000000  0  243
f1.pc.01.pm.01.e0.sel1.r1.sem7876:# 3293.000000  0  581
f1.pc.01.pm.01.e0.sel1.r1.sem789:# 3281.000000  0  393
f1.pc.01.pm.01.e0.sel1.r1.sem888:# 3060.000000  0  520
f1.pc.01.pm.01.e0.sel1.r1.sem900:# 3281.000000  0  840
f1.pc.01.pm.01.e0.sel1.r2.sem10:# 2180.000000  0  996
f1.pc.01.pm.01.e0.sel1.r2.sem112:# 2080.000000  0  910
f1.pc.01.pm.01.e0.sel1.r2.sem122:# 2225.000000  0  807
f1.pc.01.pm.01.e0.sel1.r2.sem1534:# 2186.000000  0  985
f1.pc.01.pm.01.e0.sel1.r2.sem163:# 2756.000000  0  960
f1.pc.01.pm.01.e0.sel1.r2.sem178:# 2009.000000  0  0
f1.pc.01.pm.01.e0.sel1.r2.sem34:# 2314.000000  0  749
f1.pc.01.pm.01.e0.sel1.r2.sem354123:# 2117.000000  0  785
f1.pc.01.pm.01.e0.sel1.r2.sem376254:# 1924.000000  0  944
f1.pc.01.pm.01.e0.sel1.r2.sem4223:# 2196.000000  0  435
f1.pc.01.pm.01.e0.sel1.r2.sem43:# 2269.000000  0  809
f1.pc.01.pm.01.e0.sel1.r2.sem463:# 2452.000000  0  285
f1.pc.01.pm.01.e0.sel1.r2.sem5143:# 2381.000000  0  373
f1.pc.01.pm.01.e0.sel1.r2.sem53:# 2025.000000  0  593
f1.pc.01.pm.01.e0.sel1.r2.sem666:# 2533.000000  0  624
f1.pc.01.pm.01.e0.sel1.r2.sem74263:# 2050.000000  0  403
f1.pc.01.pm.01.e0.sel1.r2.sem786:# 1940.000000  0  945
f1.pc.01.pm.01.e0.sel1.r2.sem7876:# 2186.000000  0  938
f1.pc.01.pm.01.e0.sel1.r2.sem789:# 2642.000000  0  744
f1.pc.01.pm.01.e0.sel1.r2.sem888:# 1714.000000  0  0
f1.pc.01.pm.01.e0.sel1.r2.sem900:# 2009.000000  0  0
f1.pc.01.pm.01.e0.sel2.r1.sem10:# 4705.000000  0  497
f1.pc.01.pm.01.e0.sel2.r1.sem112:# 4804.000000  0  578
f1.pc.01.pm.01.e0.sel2.r1.sem122:# 4610.000000  0  211
f1.pc.01.pm.01.e0.sel2.r1.sem1534:# 4709.000000  0  792
f1.pc.01.pm.01.e0.sel2.r1.sem163:# 4804.000000  0  224
f1.pc.01.pm.01.e0.sel2.r1.sem178:# 4616.000000  0  849
f1.pc.01.pm.01.e0.sel2.r1.sem34:# 4709.000000  0  618
f1.pc.01.pm.01.e0.sel2.r1.sem354123:# 4709.000000  0  796
f1.pc.01.pm.01.e0.sel2.r1.sem376254:# 4804.000000  0  308
f1.pc.01.pm.01.e0.sel2.r1.sem4223:# 4804.000000  0  215
f1.pc.01.pm.01.e0.sel2.r1.sem43:# 4709.000000  0  860
f1.pc.01.pm.01.e0.sel2.r1.sem463:# 4804.000000  0  322
f1.pc.01.pm.01.e0.sel2.r1.sem5143:# 4616.000000  0  569
f1.pc.01.pm.01.e0.sel2.r1.sem53:# 4804.000000  0  359
f1.pc.01.pm.01.e0.sel2.r1.sem666:# 4705.000000  0  738
f1.pc.01.pm.01.e0.sel2.r1.sem74263:# 4901.000000  0  532
f1.pc.01.pm.01.e0.sel2.r1.sem786:# 4804.000000  0  664
f1.pc.01.pm.01.e0.sel2.r1.sem7876:# 4705.000000  0  795
f1.pc.01.pm.01.e0.sel2.r1.sem789:# 4610.000000  0  194
f1.pc.01.pm.01.e0.sel2.r1.sem888:# 4705.000000  0  152
f1.pc.01.pm.01.e0.sel2.r1.sem900:# 4709.000000  0  740
f1.pc.01.pm.01.e0.sel2.r2.sem10:# 2746.000000  0  809
f1.pc.01.pm.01.e0.sel2.r2.sem112:# 2756.000000  0  980
f1.pc.01.pm.01.e0.sel2.r2.sem122:# 2405.000000  0  985
f1.pc.01.pm.01.e0.sel2.r2.sem1534:# 2482.000000  0  796
f1.pc.01.pm.01.e0.sel2.r2.sem163:# 2677.000000  0  990
f1.pc.01.pm.01.e0.sel2.r2.sem178:# 3121.000000  0  946
f1.pc.01.pm.01.e0.sel2.r2.sem34:# 2825.000000  0  881
f1.pc.01.pm.01.e0.sel2.r2.sem354123:# 2746.000000  0  818
f1.pc.01.pm.01.e0.sel2.r2.sem376254:# 3042.000000  0  970
f1.pc.01.pm.01.e0.sel2.r2.sem4223:# 2600.000000  0  980
f1.pc.01.pm.01.e0.sel2.r2.sem43:# 2450.000000  0  962
f1.pc.01.pm.01.e0.sel2.r2.sem463:# 3232.000000  0  938
f1.pc.01.pm.01.e0.sel2.r2.sem5143:# 2888.000000  0  989
f1.pc.01.pm.01.e0.sel2.r2.sem53:# 2669.000000  0  977
f1.pc.01.pm.01.e0.sel2.r2.sem666:# 2817.000000  0  982
f1.pc.01.pm.01.e0.sel2.r2.sem74263:# 2610.000000  0  988
f1.pc.01.pm.01.e0.sel2.r2.sem786:# 2960.000000  0  860
f1.pc.01.pm.01.e0.sel2.r2.sem7876:# 3181.000000  0  995
f1.pc.01.pm.01.e0.sel2.r2.sem789:# 2740.000000  0  992
f1.pc.01.pm.01.e0.sel2.r2.sem888:# 2817.000000  0  965
f1.pc.01.pm.01.e0.sel2.r2.sem900:# 3050.000000  0  975
f1.pc.01.pm.01.e1.sel1.r1.sem10:# 5000.000000  0  465
f1.pc.01.pm.01.e1.sel1.r1.sem112:# 5000.000000  0  570
f1.pc.01.pm.01.e1.sel1.r1.sem122:# 5000.000000  0  522
f1.pc.01.pm.01.e1.sel1.r1.sem1534:# 5000.000000  0  332
f1.pc.01.pm.01.e1.sel1.r1.sem163:# 5000.000000  0  710
f1.pc.01.pm.01.e1.sel1.r1.sem178:# 5000.000000  0  467
f1.pc.01.pm.01.e1.sel1.r1.sem34:# 5000.000000  0  396
f1.pc.01.pm.01.e1.sel1.r1.sem354123:# 5000.000000  0  417
f1.pc.01.pm.01.e1.sel1.r1.sem376254:# 5000.000000  0  351
f1.pc.01.pm.01.e1.sel1.r1.sem4223:# 5000.000000  0  371
f1.pc.01.pm.01.e1.sel1.r1.sem43:# 5000.000000  0  284
f1.pc.01.pm.01.e1.sel1.r1.sem463:# 5000.000000  0  464
f1.pc.01.pm.01.e1.sel1.r1.sem5143:# 5000.000000  0  569
f1.pc.01.pm.01.e1.sel1.r1.sem53:# 5000.000000  0  711
f1.pc.01.pm.01.e1.sel1.r1.sem666:# 5000.000000  0  573
f1.pc.01.pm.01.e1.sel1.r1.sem74263:# 5000.000000  0  331
f1.pc.01.pm.01.e1.sel1.r1.sem786:# 5000.000000  0  647
f1.pc.01.pm.01.e1.sel1.r1.sem7876:# 5000.000000  0  326
f1.pc.01.pm.01.e1.sel1.r1.sem789:# 5000.000000  0  336
f1.pc.01.pm.01.e1.sel1.r1.sem888:# 5000.000000  0  422
f1.pc.01.pm.01.e1.sel1.r1.sem900:# 5000.000000  0  399
f1.pc.01.pm.01.e1.sel1.r2.sem10:# 4240.000000  0  825
f1.pc.01.pm.01.e1.sel1.r2.sem112:# 4349.000000  0  892
f1.pc.01.pm.01.e1.sel1.r2.sem122:# 4240.000000  0  954
f1.pc.01.pm.01.e1.sel1.r2.sem1534:# 4250.000000  0  937
f1.pc.01.pm.01.e1.sel1.r2.sem163:# 4325.000000  0  920
f1.pc.01.pm.01.e1.sel1.r2.sem178:# 4709.000000  0  804
f1.pc.01.pm.01.e1.sel1.r2.sem34:# 4517.000000  0  988
f1.pc.01.pm.01.e1.sel1.r2.sem354123:# 4058.000000  0  999
f1.pc.01.pm.01.e1.sel1.r2.sem376254:# 4264.000000  0  941
f1.pc.01.pm.01.e1.sel1.r2.sem4223:# 4349.000000  0  944
f1.pc.01.pm.01.e1.sel1.r2.sem43:# 4058.000000  0  898
f1.pc.01.pm.01.e1.sel1.r2.sem463:# 4705.000000  0  990
f1.pc.01.pm.01.e1.sel1.r2.sem5143:# 4232.000000  0  981
f1.pc.01.pm.01.e1.sel1.r2.sem53:# 4325.000000  0  970
f1.pc.01.pm.01.e1.sel1.r2.sem666:# 4240.000000  0  992
f1.pc.01.pm.01.e1.sel1.r2.sem74263:# 4418.000000  0  922
f1.pc.01.pm.01.e1.sel1.r2.sem786:# 4436.000000  0  974
f1.pc.01.pm.01.e1.sel1.r2.sem7876:# 4513.000000  0  984
f1.pc.01.pm.01.e1.sel1.r2.sem789:# 4610.000000  0  893
f1.pc.01.pm.01.e1.sel1.r2.sem888:# 4153.000000  0  996
f1.pc.01.pm.01.e1.sel1.r2.sem900:# 4517.000000  0  980
f1.pc.01.pm.01.e1.sel2.r1.sem10:# 5000.000000  0  151
f1.pc.01.pm.01.e1.sel2.r1.sem112:# 5000.000000  0  136
f1.pc.01.pm.01.e1.sel2.r1.sem122:# 5000.000000  0  133
f1.pc.01.pm.01.e1.sel2.r1.sem1534:# 5000.000000  0  164
f1.pc.01.pm.01.e1.sel2.r1.sem163:# 5000.000000  0  189
f1.pc.01.pm.01.e1.sel2.r1.sem178:# 5000.000000  0  109
f1.pc.01.pm.01.e1.sel2.r1.sem34:# 5000.000000  0  132
f1.pc.01.pm.01.e1.sel2.r1.sem354123:# 5000.000000  0  189
f1.pc.01.pm.01.e1.sel2.r1.sem376254:# 5000.000000  0  213
f1.pc.01.pm.01.e1.sel2.r1.sem4223:# 5000.000000  0  160
f1.pc.01.pm.01.e1.sel2.r1.sem43:# 5000.000000  0  147
f1.pc.01.pm.01.e1.sel2.r1.sem463:# 5000.000000  0  141
f1.pc.01.pm.01.e1.sel2.r1.sem5143:# 5000.000000  0  171
f1.pc.01.pm.01.e1.sel2.r1.sem53:# 5000.000000  0  122
f1.pc.01.pm.01.e1.sel2.r1.sem666:# 5000.000000  0  114
f1.pc.01.pm.01.e1.sel2.r1.sem74263:# 5000.000000  0  180
f1.pc.01.pm.01.e1.sel2.r1.sem786:# 5000.000000  0  118
f1.pc.01.pm.01.e1.sel2.r1.sem7876:# 5000.000000  0  183
f1.pc.01.pm.01.e1.sel2.r1.sem789:# 5000.000000  0  177
f1.pc.01.pm.01.e1.sel2.r1.sem888:# 5000.000000  0  157
f1.pc.01.pm.01.e1.sel2.r1.sem900:# 5000.000000  0  355
f1.pc.01.pm.01.e1.sel2.r2.sem10:# 4616.000000  0  951
f1.pc.01.pm.01.e1.sel2.r2.sem112:# 4804.000000  0  917
f1.pc.01.pm.01.e1.sel2.r2.sem122:# 5000.000000  0  957
f1.pc.01.pm.01.e1.sel2.r2.sem1534:# 4608.000000  0  981
f1.pc.01.pm.01.e1.sel2.r2.sem163:# 4709.000000  0  888
f1.pc.01.pm.01.e1.sel2.r2.sem178:# 4709.000000  0  804
f1.pc.01.pm.01.e1.sel2.r2.sem34:# 4616.000000  0  976
f1.pc.01.pm.01.e1.sel2.r2.sem354123:# 4610.000000  0  884
f1.pc.01.pm.01.e1.sel2.r2.sem376254:# 4804.000000  0  977
f1.pc.01.pm.01.e1.sel2.r2.sem4223:# 4705.000000  0  875
f1.pc.01.pm.01.e1.sel2.r2.sem43:# 4709.000000  0  959
f1.pc.01.pm.01.e1.sel2.r2.sem463:# 4804.000000  0  828
f1.pc.01.pm.01.e1.sel2.r2.sem5143:# 4804.000000  0  990
f1.pc.01.pm.01.e1.sel2.r2.sem53:# 4616.000000  0  946
f1.pc.01.pm.01.e1.sel2.r2.sem666:# 4901.000000  0  934
f1.pc.01.pm.01.e1.sel2.r2.sem74263:# 4901.000000  0  825
f1.pc.01.pm.01.e1.sel2.r2.sem786:# 4517.000000  0  914
f1.pc.01.pm.01.e1.sel2.r2.sem7876:# 4709.000000  0  914
f1.pc.01.pm.01.e1.sel2.r2.sem789:# 4901.000000  0  946
f1.pc.01.pm.01.e1.sel2.r2.sem888:# 4616.000000  0  987
f1.pc.01.pm.01.e1.sel2.r2.sem900:# 4901.000000  0  973
f1.pc.01.pm.0.e0.sel1.r1.sem10:# 2249.000000  0  9
f1.pc.01.pm.0.e0.sel1.r1.sem112:# 1865.000000  0  0
f1.pc.01.pm.0.e0.sel1.r1.sem122:# 2186.000000  0  16
f1.pc.01.pm.0.e0.sel1.r1.sem1534:# 2257.000000  0  28
f1.pc.01.pm.0.e0.sel1.r1.sem163:# 2421.000000  0  20
f1.pc.01.pm.0.e0.sel1.r1.sem178:# 2173.000000  0  21
f1.pc.01.pm.0.e0.sel1.r1.sem34:# 2113.000000  0  0
f1.pc.01.pm.0.e0.sel1.r1.sem354123:# 1781.000000  0  16
f1.pc.01.pm.0.e0.sel1.r1.sem376254:# 1818.000000  0  0
f1.pc.01.pm.0.e0.sel1.r1.sem4223:# 1989.000000  0  110
f1.pc.01.pm.0.e0.sel1.r1.sem43:# 1808.000000  0  37
f1.pc.01.pm.0.e0.sel1.r1.sem463:# 2320.000000  0  0
f1.pc.01.pm.0.e0.sel1.r1.sem5143:# 2066.000000  0  3
f1.pc.01.pm.0.e0.sel1.r1.sem53:# 1989.000000  0  26
f1.pc.01.pm.0.e0.sel1.r1.sem666:# 2137.000000  0  29
f1.pc.01.pm.0.e0.sel1.r1.sem74263:# 1865.000000  0  0
f1.pc.01.pm.0.e0.sel1.r1.sem786:# 1781.000000  0  0
f1.pc.01.pm.0.e0.sel1.r1.sem7876:# 1885.000000  0  41
f1.pc.01.pm.0.e0.sel1.r1.sem789:# 2056.000000  0  0
f1.pc.01.pm.0.e0.sel1.r1.sem888:# 1989.000000  0  12
f1.pc.01.pm.0.e0.sel1.r1.sem900:# 2009.000000  0  0
f1.pc.01.pm.0.e0.sel1.r2.sem10:# 2009.000000  0  0
f1.pc.01.pm.0.e0.sel1.r2.sem112:# 1865.000000  0  0
f1.pc.01.pm.0.e0.sel1.r2.sem122:# 2180.000000  0  0
f1.pc.01.pm.0.e0.sel1.r2.sem1534:# 1985.000000  0  0
f1.pc.01.pm.0.e0.sel1.r2.sem163:# 2137.000000  0  0
f1.pc.01.pm.0.e0.sel1.r2.sem178:# 2066.000000  0  356
f1.pc.01.pm.0.e0.sel1.r2.sem34:# 2113.000000  0  0
f1.pc.01.pm.0.e0.sel1.r2.sem354123:# 1649.000000  0  0
f1.pc.01.pm.0.e0.sel1.r2.sem376254:# 1818.000000  0  0
f1.pc.01.pm.0.e0.sel1.r2.sem4223:# 1954.000000  0  0
f1.pc.01.pm.0.e0.sel1.r2.sem43:# 1625.000000  0  0
f1.pc.01.pm.0.e0.sel1.r2.sem463:# 2320.000000  0  0
f1.pc.01.pm.0.e0.sel1.r2.sem5143:# 1872.000000  0  0
f1.pc.01.pm.0.e0.sel1.r2.sem53:# 1765.000000  0  217
f1.pc.01.pm.0.e0.sel1.r2.sem666:# 2025.000000  0  0
f1.pc.01.pm.0.e0.sel1.r2.sem74263:# 1865.000000  0  0
f1.pc.01.pm.0.e0.sel1.r2.sem786:# 1781.000000  0  0
f1.pc.01.pm.0.e0.sel1.r2.sem7876:# 1861.000000  0  0
f1.pc.01.pm.0.e0.sel1.r2.sem789:# 2056.000000  0  0
f1.pc.01.pm.0.e0.sel1.r2.sem888:# 1714.000000  0  0
f1.pc.01.pm.0.e0.sel1.r2.sem900:# 2066.000000  0  209
f1.pc.01.pm.0.e0.sel2.r1.sem10:# 2009.000000  0  0
f1.pc.01.pm.0.e0.sel2.r1.sem112:# 1865.000000  0  0
f1.pc.01.pm.0.e0.sel2.r1.sem122:# 2180.000000  0  0
f1.pc.01.pm.0.e0.sel2.r1.sem1534:# 1989.000000  0  9
f1.pc.01.pm.0.e0.sel2.r1.sem163:# 2137.000000  0  0
f1.pc.01.pm.0.e0.sel2.r1.sem178:# 2249.000000  0  6
f1.pc.01.pm.0.e0.sel2.r1.sem34:# 2113.000000  0  0
f1.pc.01.pm.0.e0.sel2.r1.sem354123:# 1649.000000  0  0
f1.pc.01.pm.0.e0.sel2.r1.sem376254:# 1818.000000  0  0
f1.pc.01.pm.0.e0.sel2.r1.sem4223:# 1954.000000  0  0
f1.pc.01.pm.0.e0.sel2.r1.sem43:# 1625.000000  0  0
f1.pc.01.pm.0.e0.sel2.r1.sem463:# 2545.000000  0  12
f1.pc.01.pm.0.e0.sel2.r1.sem5143:# 1872.000000  0  0
f1.pc.01.pm.0.e0.sel2.r1.sem53:# 1714.000000  0  0
f1.pc.01.pm.0.e0.sel2.r1.sem666:# 2521.000000  0  9
f1.pc.01.pm.0.e0.sel2.r1.sem74263:# 2180.000000  0  7
f1.pc.01.pm.0.e0.sel2.r1.sem786:# 1781.000000  0  0
f1.pc.01.pm.0.e0.sel2.r1.sem7876:# 1861.000000  0  0
f1.pc.01.pm.0.e0.sel2.r1.sem789:# 2056.000000  0  0
f1.pc.01.pm.0.e0.sel2.r1.sem888:# 1714.000000  0  0
f1.pc.01.pm.0.e0.sel2.r1.sem900:# 2009.000000  0  0
f1.pc.01.pm.0.e0.sel2.r2.sem10:# 2009.000000  0  0
f1.pc.01.pm.0.e0.sel2.r2.sem112:# 1865.000000  0  0
f1.pc.01.pm.0.e0.sel2.r2.sem122:# 2180.000000  0  0
f1.pc.01.pm.0.e0.sel2.r2.sem1534:# 1985.000000  0  0
f1.pc.01.pm.0.e0.sel2.r2.sem163:# 2137.000000  0  0
f1.pc.01.pm.0.e0.sel2.r2.sem178:# 2066.000000  0  40
f1.pc.01.pm.0.e0.sel2.r2.sem34:# 2113.000000  0  0
f1.pc.01.pm.0.e0.sel2.r2.sem354123:# 1649.000000  0  0
f1.pc.01.pm.0.e0.sel2.r2.sem376254:# 1818.000000  0  0
f1.pc.01.pm.0.e0.sel2.r2.sem4223:# 1954.000000  0  0
f1.pc.01.pm.0.e0.sel2.r2.sem43:# 1745.000000  0  114
f1.pc.01.pm.0.e0.sel2.r2.sem463:# 2320.000000  0  0
f1.pc.01.pm.0.e0.sel2.r2.sem5143:# 1872.000000  0  0
f1.pc.01.pm.0.e0.sel2.r2.sem53:# 1714.000000  0  0
f1.pc.01.pm.0.e0.sel2.r2.sem666:# 2025.000000  0  0
f1.pc.01.pm.0.e0.sel2.r2.sem74263:# 1865.000000  0  0
f1.pc.01.pm.0.e0.sel2.r2.sem786:# 1781.000000  0  0
f1.pc.01.pm.0.e0.sel2.r2.sem7876:# 1861.000000  0  0
f1.pc.01.pm.0.e0.sel2.r2.sem789:# 2056.000000  0  0
f1.pc.01.pm.0.e0.sel2.r2.sem888:# 1714.000000  0  0
f1.pc.01.pm.0.e0.sel2.r2.sem900:# 2009.000000  0  0
f1.pc.01.pm.0.e1.sel1.r1.sem10:# 2009.000000  0  0
f1.pc.01.pm.0.e1.sel1.r1.sem112:# 1865.000000  0  0
f1.pc.01.pm.0.e1.sel1.r1.sem122:# 2180.000000  0  0
f1.pc.01.pm.0.e1.sel1.r1.sem1534:# 2050.000000  0  10
f1.pc.01.pm.0.e1.sel1.r1.sem163:# 2740.000000  0  60
f1.pc.01.pm.0.e1.sel1.r1.sem178:# 2009.000000  0  0
f1.pc.01.pm.0.e1.sel1.r1.sem34:# 2249.000000  0  17
f1.pc.01.pm.0.e1.sel1.r1.sem354123:# 1985.000000  0  35
f1.pc.01.pm.0.e1.sel1.r1.sem376254:# 2314.000000  0  65
f1.pc.01.pm.0.e1.sel1.r1.sem4223:# 2066.000000  0  31
f1.pc.01.pm.0.e1.sel1.r1.sem43:# 1649.000000  0  7
f1.pc.01.pm.0.e1.sel1.r1.sem463:# 2320.000000  0  0
f1.pc.01.pm.0.e1.sel1.r1.sem5143:# 2285.000000  0  16
f1.pc.01.pm.0.e1.sel1.r1.sem53:# 1861.000000  0  15
f1.pc.01.pm.0.e1.sel1.r1.sem666:# 2025.000000  0  0
f1.pc.01.pm.0.e1.sel1.r1.sem74263:# 1865.000000  0  0
f1.pc.01.pm.0.e1.sel1.r1.sem786:# 1985.000000  0  11
f1.pc.01.pm.0.e1.sel1.r1.sem7876:# 2066.000000  0  19
f1.pc.01.pm.0.e1.sel1.r1.sem789:# 2125.000000  0  31
f1.pc.01.pm.0.e1.sel1.r1.sem888:# 2066.000000  0  26
f1.pc.01.pm.0.e1.sel1.r1.sem900:# 2009.000000  0  0
f1.pc.01.pm.0.e1.sel1.r2.sem10:# 2009.000000  0  0
f1.pc.01.pm.0.e1.sel1.r2.sem112:# 1865.000000  0  0
f1.pc.01.pm.0.e1.sel1.r2.sem122:# 2180.000000  0  0
f1.pc.01.pm.0.e1.sel1.r2.sem1534:# 1985.000000  0  0
f1.pc.01.pm.0.e1.sel1.r2.sem163:# 2137.000000  0  0
f1.pc.01.pm.0.e1.sel1.r2.sem178:# 2009.000000  0  0
f1.pc.01.pm.0.e1.sel1.r2.sem34:# 2113.000000  0  0
f1.pc.01.pm.0.e1.sel1.r2.sem354123:# 1649.000000  0  0
f1.pc.01.pm.0.e1.sel1.r2.sem376254:# 1818.000000  0  0
f1.pc.01.pm.0.e1.sel1.r2.sem4223:# 1954.000000  0  0
f1.pc.01.pm.0.e1.sel1.r2.sem43:# 1625.000000  0  0
f1.pc.01.pm.0.e1.sel1.r2.sem463:# 2320.000000  0  0
f1.pc.01.pm.0.e1.sel1.r2.sem5143:# 1872.000000  0  0
f1.pc.01.pm.0.e1.sel1.r2.sem53:# 1714.000000  0  0
f1.pc.01.pm.0.e1.sel1.r2.sem666:# 2025.000000  0  0
f1.pc.01.pm.0.e1.sel1.r2.sem74263:# 1865.000000  0  0
f1.pc.01.pm.0.e1.sel1.r2.sem786:# 1781.000000  0  0
f1.pc.01.pm.0.e1.sel1.r2.sem7876:# 1989.000000  0  22
f1.pc.01.pm.0.e1.sel1.r2.sem789:# 2056.000000  0  0
f1.pc.01.pm.0.e1.sel1.r2.sem888:# 1714.000000  0  0
f1.pc.01.pm.0.e1.sel1.r2.sem900:# 2009.000000  0  0
f1.pc.01.pm.0.e1.sel2.r1.sem10:# 2009.000000  0  0
f1.pc.01.pm.0.e1.sel2.r1.sem112:# 1865.000000  0  0
f1.pc.01.pm.0.e1.sel2.r1.sem122:# 2180.000000  0  0
f1.pc.01.pm.0.e1.sel2.r1.sem1534:# 1985.000000  0  0
f1.pc.01.pm.0.e1.sel2.r1.sem163:# 2137.000000  0  0
f1.pc.01.pm.0.e1.sel2.r1.sem178:# 2009.000000  0  0
f1.pc.01.pm.0.e1.sel2.r1.sem34:# 2113.000000  0  0
f1.pc.01.pm.0.e1.sel2.r1.sem354123:# 1865.000000  0  3
f1.pc.01.pm.0.e1.sel2.r1.sem376254:# 1818.000000  0  0
f1.pc.01.pm.0.e1.sel2.r1.sem4223:# 1954.000000  0  0
f1.pc.01.pm.0.e1.sel2.r1.sem43:# 1625.000000  0  0
f1.pc.01.pm.0.e1.sel2.r1.sem463:# 2320.000000  0  0
f1.pc.01.pm.0.e1.sel2.r1.sem5143:# 1872.000000  0  0
f1.pc.01.pm.0.e1.sel2.r1.sem53:# 1714.000000  0  0
f1.pc.01.pm.0.e1.sel2.r1.sem666:# 2180.000000  0  4
f1.pc.01.pm.0.e1.sel2.r1.sem74263:# 1865.000000  0  0
f1.pc.01.pm.0.e1.sel2.r1.sem786:# 1781.000000  0  0
f1.pc.01.pm.0.e1.sel2.r1.sem7876:# 1861.000000  0  0
f1.pc.01.pm.0.e1.sel2.r1.sem789:# 2312.000000  0  8
f1.pc.01.pm.0.e1.sel2.r1.sem888:# 1714.000000  0  0
f1.pc.01.pm.0.e1.sel2.r1.sem900:# 2009.000000  0  0
f1.pc.01.pm.0.e1.sel2.r2.sem10:# 2009.000000  0  0
f1.pc.01.pm.0.e1.sel2.r2.sem112:# 1985.000000  0  14
f1.pc.01.pm.0.e1.sel2.r2.sem122:# 2180.000000  0  0
f1.pc.01.pm.0.e1.sel2.r2.sem1534:# 1985.000000  0  0
f1.pc.01.pm.0.e1.sel2.r2.sem163:# 2137.000000  0  0
f1.pc.01.pm.0.e1.sel2.r2.sem178:# 2009.000000  0  0
f1.pc.01.pm.0.e1.sel2.r2.sem34:# 2113.000000  0  0
f1.pc.01.pm.0.e1.sel2.r2.sem354123:# 1649.000000  0  0
f1.pc.01.pm.0.e1.sel2.r2.sem376254:# 1818.000000  0  0
f1.pc.01.pm.0.e1.sel2.r2.sem4223:# 1954.000000  0  0
f1.pc.01.pm.0.e1.sel2.r2.sem43:# 1625.000000  0  0
f1.pc.01.pm.0.e1.sel2.r2.sem463:# 2320.000000  0  0
f1.pc.01.pm.0.e1.sel2.r2.sem5143:# 1872.000000  0  0
f1.pc.01.pm.0.e1.sel2.r2.sem53:# 1714.000000  0  0
f1.pc.01.pm.0.e1.sel2.r2.sem666:# 2178.000000  0  19
f1.pc.01.pm.0.e1.sel2.r2.sem74263:# 1865.000000  0  0
f1.pc.01.pm.0.e1.sel2.r2.sem786:# 1781.000000  0  0
f1.pc.01.pm.0.e1.sel2.r2.sem7876:# 1861.000000  0  0
f1.pc.01.pm.0.e1.sel2.r2.sem789:# 2056.000000  0  0
f1.pc.01.pm.0.e1.sel2.r2.sem888:# 1714.000000  0  0
f1.pc.01.pm.0.e1.sel2.r2.sem900:# 2009.000000  0  0
f1.pc.01.pm.1.e0.sel1.r1.sem10:# 2600.000000  0  308
f1.pc.01.pm.1.e0.sel1.r1.sem112:# 2977.000000  0  576
f1.pc.01.pm.1.e0.sel1.r1.sem122:# 2740.000000  0  12
f1.pc.01.pm.1.e0.sel1.r1.sem1534:# 2624.000000  0  994
f1.pc.01.pm.1.e0.sel1.r1.sem163:# 2605.000000  0  739
f1.pc.01.pm.1.e0.sel1.r1.sem178:# 2677.000000  0  503
f1.pc.01.pm.1.e0.sel1.r1.sem34:# 2813.000000  0  681
f1.pc.01.pm.1.e0.sel1.r1.sem354123:# 2756.000000  0  584
f1.pc.01.pm.1.e0.sel1.r1.sem376254:# 2740.000000  0  602
f1.pc.01.pm.1.e0.sel1.r1.sem4223:# 2669.000000  0  909
f1.pc.01.pm.1.e0.sel1.r1.sem43:# 2689.000000  0  354
f1.pc.01.pm.1.e0.sel1.r1.sem463:# 2600.000000  0  162
f1.pc.01.pm.1.e0.sel1.r1.sem5143:# 2817.000000  0  246
f1.pc.01.pm.1.e0.sel1.r1.sem53:# 2642.000000  0  659
f1.pc.01.pm.1.e0.sel1.r1.sem666:# 2669.000000  0  214
f1.pc.01.pm.1.e0.sel1.r1.sem74263:# 2817.000000  0  872
f1.pc.01.pm.1.e0.sel1.r1.sem786:# 2665.000000  0  35
f1.pc.01.pm.1.e0.sel1.r1.sem7876:# 2677.000000  0  851
f1.pc.01.pm.1.e0.sel1.r1.sem789:# 2738.000000  0  532
f1.pc.01.pm.1.e0.sel1.r1.sem888:# 2642.000000  0  138
f1.pc.01.pm.1.e0.sel1.r1.sem900:# 2746.000000  0  595
f1.pc.01.pm.1.e0.sel1.r2.sem10:# 2452.000000  0  216
f1.pc.01.pm.1.e0.sel1.r2.sem112:# 2458.000000  0  470
f1.pc.01.pm.1.e0.sel1.r2.sem122:# 2525.000000  0  518
f1.pc.01.pm.1.e0.sel1.r2.sem1534:# 2196.000000  0  641
f1.pc.01.pm.1.e0.sel1.r2.sem163:# 2186.000000  0  893
f1.pc.01.pm.1.e0.sel1.r2.sem178:# 2330.000000  0  778
f1.pc.01.pm.1.e0.sel1.r2.sem34:# 2314.000000  0  34
f1.pc.01.pm.1.e0.sel1.r2.sem354123:# 2245.000000  0  991
f1.pc.01.pm.1.e0.sel1.r2.sem376254:# 2330.000000  0  537
f1.pc.01.pm.1.e0.sel1.r2.sem4223:# 2521.000000  0  353
f1.pc.01.pm.1.e0.sel1.r2.sem43:# 2113.000000  0  91
f1.pc.01.pm.1.e0.sel1.r2.sem463:# 2452.000000  0  161
f1.pc.01.pm.1.e0.sel1.r2.sem5143:# 2196.000000  0  862
f1.pc.01.pm.1.e0.sel1.r2.sem53:# 2269.000000  0  921
f1.pc.01.pm.1.e0.sel1.r2.sem666:# 2452.000000  0  44
f1.pc.01.pm.1.e0.sel1.r2.sem74263:# 2381.000000  0  720
f1.pc.01.pm.1.e0.sel1.r2.sem786:# 2269.000000  0  963
f1.pc.01.pm.1.e0.sel1.r2.sem7876:# 2393.000000  0  719
f1.pc.01.pm.1.e0.sel1.r2.sem789:# 2312.000000  0  256
f1.pc.01.pm.1.e0.sel1.r2.sem888:# 2257.000000  0  753
f1.pc.01.pm.1.e0.sel1.r2.sem900:# 2137.000000  0  441
f1.pc.01.pm.1.e0.sel2.r1.sem10:# 2969.000000  0  274
f1.pc.01.pm.1.e0.sel2.r1.sem112:# 2817.000000  0  492
f1.pc.01.pm.1.e0.sel2.r1.sem122:# 2817.000000  0  83
f1.pc.01.pm.1.e0.sel2.r1.sem1534:# 2896.000000  0  323
f1.pc.01.pm.1.e0.sel2.r1.sem163:# 2873.000000  0  617
f1.pc.01.pm.1.e0.sel2.r1.sem178:# 2756.000000  0  407
f1.pc.01.pm.1.e0.sel2.r1.sem34:# 2888.000000  0  705
f1.pc.01.pm.1.e0.sel2.r1.sem354123:# 2965.000000  0  304
f1.pc.01.pm.1.e0.sel2.r1.sem376254:# 3125.000000  0  944
f1.pc.01.pm.1.e0.sel2.r1.sem4223:# 2965.000000  0  648
f1.pc.01.pm.1.e0.sel2.r1.sem43:# 2906.000000  0  567
f1.pc.01.pm.1.e0.sel2.r1.sem463:# 2896.000000  0  240
f1.pc.01.pm.1.e0.sel2.r1.sem5143:# 2989.000000  0  901
f1.pc.01.pm.1.e0.sel2.r1.sem53:# 2813.000000  0  795
f1.pc.01.pm.1.e0.sel2.r1.sem666:# 2890.000000  0  988
f1.pc.01.pm.1.e0.sel2.r1.sem74263:# 2896.000000  0  947
f1.pc.01.pm.1.e0.sel2.r1.sem786:# 3133.000000  0  443
f1.pc.01.pm.1.e0.sel2.r1.sem7876:# 2817.000000  0  35
f1.pc.01.pm.1.e0.sel2.r1.sem789:# 2965.000000  0  692
f1.pc.01.pm.1.e0.sel2.r1.sem888:# 2788.000000  0  823
f1.pc.01.pm.1.e0.sel2.r1.sem900:# 2825.000000  0  52
f1.pc.01.pm.1.e0.sel2.r2.sem10:# 2393.000000  0  837
f1.pc.01.pm.1.e0.sel2.r2.sem112:# 2521.000000  0  711
f1.pc.01.pm.1.e0.sel2.r2.sem122:# 2521.000000  0  556
f1.pc.01.pm.1.e0.sel2.r2.sem1534:# 2146.000000  0  195
f1.pc.01.pm.1.e0.sel2.r2.sem163:# 2385.000000  0  676
f1.pc.01.pm.1.e0.sel2.r2.sem178:# 2452.000000  0  984
f1.pc.01.pm.1.e0.sel2.r2.sem34:# 2458.000000  0  877
f1.pc.01.pm.1.e0.sel2.r2.sem354123:# 2117.000000  0  282
f1.pc.01.pm.1.e0.sel2.r2.sem376254:# 2525.000000  0  426
f1.pc.01.pm.1.e0.sel2.r2.sem4223:# 2330.000000  0  178
f1.pc.01.pm.1.e0.sel2.r2.sem43:# 2389.000000  0  955
f1.pc.01.pm.1.e0.sel2.r2.sem463:# 2740.000000  0  977
f1.pc.01.pm.1.e0.sel2.r2.sem5143:# 2441.000000  0  744
f1.pc.01.pm.1.e0.sel2.r2.sem53:# 2545.000000  0  813
f1.pc.01.pm.1.e0.sel2.r2.sem666:# 2450.000000  0  714
f1.pc.01.pm.1.e0.sel2.r2.sem74263:# 2669.000000  0  416
f1.pc.01.pm.1.e0.sel2.r2.sem786:# 2600.000000  0  968
f1.pc.01.pm.1.e0.sel2.r2.sem7876:# 2468.000000  0  815
f1.pc.01.pm.1.e0.sel2.r2.sem789:# 2249.000000  0  386
f1.pc.01.pm.1.e0.sel2.r2.sem888:# 2525.000000  0  729
f1.pc.01.pm.1.e0.sel2.r2.sem900:# 2458.000000  0  532
f1.pc.01.pm.1.e1.sel1.r1.sem10:# 3880.000000  0  651
f1.pc.01.pm.1.e1.sel1.r1.sem112:# 3985.000000  0  859
f1.pc.01.pm.1.e1.sel1.r1.sem122:# 4420.000000  0  979
f1.pc.01.pm.1.e1.sel1.r1.sem1534:# 4052.000000  0  712
f1.pc.01.pm.1.e1.sel1.r1.sem163:# 4141.000000  0  993
f1.pc.01.pm.1.e1.sel1.r1.sem178:# 3809.000000  0  874
f1.pc.01.pm.1.e1.sel1.r1.sem34:# 3965.000000  0  956
f1.pc.01.pm.1.e1.sel1.r1.sem354123:# 3904.000000  0  945
f1.pc.01.pm.1.e1.sel1.r1.sem376254:# 4052.000000  0  932
f1.pc.01.pm.1.e1.sel1.r1.sem4223:# 4181.000000  0  904
f1.pc.01.pm.1.e1.sel1.r1.sem43:# 3973.000000  0  791
f1.pc.01.pm.1.e1.sel1.r1.sem463:# 3880.000000  0  720
f1.pc.01.pm.1.e1.sel1.r1.sem5143:# 3922.000000  0  934
f1.pc.01.pm.1.e1.sel1.r1.sem53:# 3797.000000  0  989
f1.pc.01.pm.1.e1.sel1.r1.sem666:# 3904.000000  0  621
f1.pc.01.pm.1.e1.sel1.r1.sem74263:# 3985.000000  0  757
f1.pc.01.pm.1.e1.sel1.r1.sem786:# 4153.000000  0  609
f1.pc.01.pm.1.e1.sel1.r1.sem7876:# 4141.000000  0  615
f1.pc.01.pm.1.e1.sel1.r1.sem789:# 3985.000000  0  676
f1.pc.01.pm.1.e1.sel1.r1.sem888:# 4145.000000  0  981
f1.pc.01.pm.1.e1.sel1.r1.sem900:# 3706.000000  0  927
f1.pc.01.pm.1.e1.sel1.r2.sem10:# 3232.000000  0  995
f1.pc.01.pm.1.e1.sel1.r2.sem112:# 3449.000000  0  819
f1.pc.01.pm.1.e1.sel1.r2.sem122:# 3321.000000  0  997
f1.pc.01.pm.1.e1.sel1.r2.sem1534:# 3380.000000  0  905
f1.pc.01.pm.1.e1.sel1.r2.sem163:# 3364.000000  0  485
f1.pc.01.pm.1.e1.sel1.r2.sem178:# 3469.000000  0  702
f1.pc.01.pm.1.e1.sel1.r2.sem34:# 3613.000000  0  779
f1.pc.01.pm.1.e1.sel1.r2.sem354123:# 3578.000000  0  959
f1.pc.01.pm.1.e1.sel1.r2.sem376254:# 3874.000000  0  913
f1.pc.01.pm.1.e1.sel1.r2.sem4223:# 3457.000000  0  831
f1.pc.01.pm.1.e1.sel1.r2.sem43:# 3528.000000  0  937
f1.pc.01.pm.1.e1.sel1.r2.sem463:# 3370.000000  0  918
f1.pc.01.pm.1.e1.sel1.r2.sem5143:# 3449.000000  0  949
f1.pc.01.pm.1.e1.sel1.r2.sem53:# 3364.000000  0  988
f1.pc.01.pm.1.e1.sel1.r2.sem666:# 3700.000000  0  931
f1.pc.01.pm.1.e1.sel1.r2.sem74263:# 3293.000000  0  860
f1.pc.01.pm.1.e1.sel1.r2.sem786:# 3281.000000  0  973
f1.pc.01.pm.1.e1.sel1.r2.sem7876:# 3530.000000  0  725
f1.pc.01.pm.1.e1.sel1.r2.sem789:# 3370.000000  0  892
f1.pc.01.pm.1.e1.sel1.r2.sem888:# 3797.000000  0  861
f1.pc.01.pm.1.e1.sel1.r2.sem900:# 3706.000000  0  952
f1.pc.01.pm.1.e1.sel2.r1.sem10:# 3880.000000  0  650
f1.pc.01.pm.1.e1.sel2.r1.sem112:# 4337.000000  0  952
f1.pc.01.pm.1.e1.sel2.r1.sem122:# 3880.000000  0  552
f1.pc.01.pm.1.e1.sel2.r1.sem1534:# 3973.000000  0  857
f1.pc.01.pm.1.e1.sel2.r1.sem163:# 3965.000000  0  894
f1.pc.01.pm.1.e1.sel2.r1.sem178:# 3880.000000  0  981
f1.pc.01.pm.1.e1.sel2.r1.sem34:# 3797.000000  0  754
f1.pc.01.pm.1.e1.sel2.r1.sem354123:# 3965.000000  0  637
f1.pc.01.pm.1.e1.sel2.r1.sem376254:# 4052.000000  0  646
f1.pc.01.pm.1.e1.sel2.r1.sem4223:# 3874.000000  0  872
f1.pc.01.pm.1.e1.sel2.r1.sem43:# 3880.000000  0  827
f1.pc.01.pm.1.e1.sel2.r1.sem463:# 4240.000000  0  983
f1.pc.01.pm.1.e1.sel2.r1.sem5143:# 3789.000000  0  965
f1.pc.01.pm.1.e1.sel2.r1.sem53:# 3904.000000  0  890
f1.pc.01.pm.1.e1.sel2.r1.sem666:# 4052.000000  0  850
f1.pc.01.pm.1.e1.sel2.r1.sem74263:# 3965.000000  0  837
f1.pc.01.pm.1.e1.sel2.r1.sem786:# 3985.000000  0  998
f1.pc.01.pm.1.e1.sel2.r1.sem7876:# 3785.000000  0  565
f1.pc.01.pm.1.e1.sel2.r1.sem789:# 3880.000000  0  999
f1.pc.01.pm.1.e1.sel2.r1.sem888:# 3789.000000  0  666
f1.pc.01.pm.1.e1.sel2.r1.sem900:# 4052.000000  0  954
f1.pc.01.pm.1.e1.sel2.r2.sem10:# 3536.000000  0  882
f1.pc.01.pm.1.e1.sel2.r2.sem112:# 4052.000000  0  896
f1.pc.01.pm.1.e1.sel2.r2.sem122:# 3985.000000  0  695
f1.pc.01.pm.1.e1.sel2.r2.sem1534:# 3536.000000  0  819
f1.pc.01.pm.1.e1.sel2.r2.sem163:# 3528.000000  0  977
f1.pc.01.pm.1.e1.sel2.r2.sem178:# 3785.000000  0  991
f1.pc.01.pm.1.e1.sel2.r2.sem34:# 3530.000000  0  937
f1.pc.01.pm.1.e1.sel2.r2.sem354123:# 3613.000000  0  965
f1.pc.01.pm.1.e1.sel2.r2.sem376254:# 3457.000000  0  984
f1.pc.01.pm.1.e1.sel2.r2.sem4223:# 3530.000000  0  859
f1.pc.01.pm.1.e1.sel2.r2.sem43:# 3536.000000  0  931
f1.pc.01.pm.1.e1.sel2.r2.sem463:# 3449.000000  0  897
f1.pc.01.pm.1.e1.sel2.r2.sem5143:# 3625.000000  0  934
f1.pc.01.pm.1.e1.sel2.r2.sem53:# 3637.000000  0  807
f1.pc.01.pm.1.e1.sel2.r2.sem666:# 3578.000000  0  998
f1.pc.01.pm.1.e1.sel2.r2.sem74263:# 3617.000000  0  930
f1.pc.01.pm.1.e1.sel2.r2.sem786:# 3285.000000  0  603
f1.pc.01.pm.1.e1.sel2.r2.sem7876:# 3625.000000  0  640
f1.pc.01.pm.1.e1.sel2.r2.sem789:# 3445.000000  0  987
f1.pc.01.pm.1.e1.sel2.r2.sem888:# 3637.000000  0  670
f1.pc.01.pm.1.e1.sel2.r2.sem900:# 3380.000000  0  618
f1.pc.03.pm.01.e0.sel1.r1.sem10:# 3200.000000  0  286
f1.pc.03.pm.01.e0.sel1.r1.sem112:# 3285.000000  0  382
f1.pc.03.pm.01.e0.sel1.r1.sem122:# 3202.000000  0  322
f1.pc.03.pm.01.e0.sel1.r1.sem1534:# 3060.000000  0  477
f1.pc.03.pm.01.e0.sel1.r1.sem163:# 3698.000000  0  861
f1.pc.03.pm.01.e0.sel1.r1.sem178:# 3218.000000  0  485
f1.pc.03.pm.01.e0.sel1.r1.sem34:# 3232.000000  0  126
f1.pc.03.pm.01.e0.sel1.r1.sem354123:# 3218.000000  0  290
f1.pc.03.pm.01.e0.sel1.r1.sem376254:# 3370.000000  0  460
f1.pc.03.pm.01.e0.sel1.r1.sem4223:# 3700.000000  0  420
f1.pc.03.pm.01.e0.sel1.r1.sem43:# 3449.000000  0  356
f1.pc.03.pm.01.e0.sel1.r1.sem463:# 3449.000000  0  473
f1.pc.03.pm.01.e0.sel1.r1.sem5143:# 3445.000000  0  611
f1.pc.03.pm.01.e0.sel1.r1.sem53:# 3114.000000  0  646
f1.pc.03.pm.01.e0.sel1.r1.sem666:# 3025.000000  0  419
f1.pc.03.pm.01.e0.sel1.r1.sem74263:# 3145.000000  0  821
f1.pc.03.pm.01.e0.sel1.r1.sem786:# 3121.000000  0  248
f1.pc.03.pm.01.e0.sel1.r1.sem7876:# 3050.000000  0  836
f1.pc.03.pm.01.e0.sel1.r1.sem789:# 3218.000000  0  996
f1.pc.03.pm.01.e0.sel1.r1.sem888:# 3457.000000  0  301
f1.pc.03.pm.01.e0.sel1.r1.sem900:# 3121.000000  0  316
f1.pc.03.pm.01.e0.sel1.r2.sem10:# 2009.000000  0  0
f1.pc.03.pm.01.e0.sel1.r2.sem112:# 2050.000000  0  999
f1.pc.03.pm.01.e0.sel1.r2.sem122:# 2180.000000  0  0
f1.pc.03.pm.01.e0.sel1.r2.sem1534:# 2600.000000  0  816
f1.pc.03.pm.01.e0.sel1.r2.sem163:# 2521.000000  0  925
f1.pc.03.pm.01.e0.sel1.r2.sem178:# 2045.000000  0  326
f1.pc.03.pm.01.e0.sel1.r2.sem34:# 2813.000000  0  915
f1.pc.03.pm.01.e0.sel1.r2.sem354123:# 2385.000000  0  433
f1.pc.03.pm.01.e0.sel1.r2.sem376254:# 2125.000000  0  856
f1.pc.03.pm.01.e0.sel1.r2.sem4223:# 2452.000000  0  991
f1.pc.03.pm.01.e0.sel1.r2.sem43:# 2312.000000  0  616
f1.pc.03.pm.01.e0.sel1.r2.sem463:# 2525.000000  0  326
f1.pc.03.pm.01.e0.sel1.r2.sem5143:# 1985.000000  0  735
f1.pc.03.pm.01.e0.sel1.r2.sem53:# 2066.000000  0  948
f1.pc.03.pm.01.e0.sel1.r2.sem666:# 2228.000000  0  933
f1.pc.03.pm.01.e0.sel1.r2.sem74263:# 2117.000000  0  608
f1.pc.03.pm.01.e0.sel1.r2.sem786:# 2117.000000  0  954
f1.pc.03.pm.01.e0.sel1.r2.sem7876:# 2314.000000  0  308
f1.pc.03.pm.01.e0.sel1.r2.sem789:# 2468.000000  0  860
f1.pc.03.pm.01.e0.sel1.r2.sem888:# 1885.000000  0  89
f1.pc.03.pm.01.e0.sel1.r2.sem900:# 2009.000000  0  0
f1.pc.03.pm.01.e0.sel2.r1.sem10:# 4804.000000  0  457
f1.pc.03.pm.01.e0.sel2.r1.sem112:# 4901.000000  0  661
f1.pc.03.pm.01.e0.sel2.r1.sem122:# 4901.000000  0  267
f1.pc.03.pm.01.e0.sel2.r1.sem1534:# 4804.000000  0  238
f1.pc.03.pm.01.e0.sel2.r1.sem163:# 4709.000000  0  307
f1.pc.03.pm.01.e0.sel2.r1.sem178:# 4802.000000  0  849
f1.pc.03.pm.01.e0.sel2.r1.sem34:# 4804.000000  0  478
f1.pc.03.pm.01.e0.sel2.r1.sem354123:# 4709.000000  0  591
f1.pc.03.pm.01.e0.sel2.r1.sem376254:# 4616.000000  0  491
f1.pc.03.pm.01.e0.sel2.r1.sem4223:# 4709.000000  0  233
f1.pc.03.pm.01.e0.sel2.r1.sem43:# 4901.000000  0  888
f1.pc.03.pm.01.e0.sel2.r1.sem463:# 4705.000000  0  799
f1.pc.03.pm.01.e0.sel2.r1.sem5143:# 4705.000000  0  711
f1.pc.03.pm.01.e0.sel2.r1.sem53:# 4901.000000  0  225
f1.pc.03.pm.01.e0.sel2.r1.sem666:# 4709.000000  0  408
f1.pc.03.pm.01.e0.sel2.r1.sem74263:# 4901.000000  0  510
f1.pc.03.pm.01.e0.sel2.r1.sem786:# 4705.000000  0  361
f1.pc.03.pm.01.e0.sel2.r1.sem7876:# 4802.000000  0  646
f1.pc.03.pm.01.e0.sel2.r1.sem789:# 4901.000000  0  402
f1.pc.03.pm.01.e0.sel2.r1.sem888:# 4705.000000  0  953
f1.pc.03.pm.01.e0.sel2.r1.sem900:# 4804.000000  0  722
f1.pc.03.pm.01.e0.sel2.r2.sem10:# 2969.000000  0  897
f1.pc.03.pm.01.e0.sel2.r2.sem112:# 3005.000000  0  888
f1.pc.03.pm.01.e0.sel2.r2.sem122:# 2817.000000  0  982
f1.pc.03.pm.01.e0.sel2.r2.sem1534:# 2610.000000  0  872
f1.pc.03.pm.01.e0.sel2.r2.sem163:# 2677.000000  0  996
f1.pc.03.pm.01.e0.sel2.r2.sem178:# 2705.000000  0  968
f1.pc.03.pm.01.e0.sel2.r2.sem34:# 2977.000000  0  842
f1.pc.03.pm.01.e0.sel2.r2.sem354123:# 2817.000000  0  981
f1.pc.03.pm.01.e0.sel2.r2.sem376254:# 2770.000000  0  988
f1.pc.03.pm.01.e0.sel2.r2.sem4223:# 2853.000000  0  933
f1.pc.03.pm.01.e0.sel2.r2.sem43:# 3074.000000  0  949
f1.pc.03.pm.01.e0.sel2.r2.sem463:# 3125.000000  0  948
f1.pc.03.pm.01.e0.sel2.r2.sem5143:# 2960.000000  0  951
f1.pc.03.pm.01.e0.sel2.r2.sem53:# 2521.000000  0  931
f1.pc.03.pm.01.e0.sel2.r2.sem666:# 3208.000000  0  973
f1.pc.03.pm.01.e0.sel2.r2.sem74263:# 2705.000000  0  966
f1.pc.03.pm.01.e0.sel2.r2.sem786:# 3161.000000  0  855
f1.pc.03.pm.01.e0.sel2.r2.sem7876:# 2770.000000  0  928
f1.pc.03.pm.01.e0.sel2.r2.sem789:# 2920.000000  0  993
f1.pc.03.pm.01.e0.sel2.r2.sem888:# 2405.000000  0  993
f1.pc.03.pm.01.e0.sel2.r2.sem900:# 2920.000000  0  916
f1.pc.03.pm.01.e1.sel1.r1.sem10:# 5000.000000  0  849
f1.pc.03.pm.01.e1.sel1.r1.sem112:# 5000.000000  0  302
f1.pc.03.pm.01.e1.sel1.r1.sem122:# 5000.000000  0  388
f1.pc.03.pm.01.e1.sel1.r1.sem1534:# 5000.000000  0  621
f1.pc.03.pm.01.e1.sel1.r1.sem163:# 5000.000000  0  456
f1.pc.03.pm.01.e1.sel1.r1.sem178:# 5000.000000  0  393
f1.pc.03.pm.01.e1.sel1.r1.sem34:# 5000.000000  0  835
f1.pc.03.pm.01.e1.sel1.r1.sem354123:# 5000.000000  0  655
f1.pc.03.pm.01.e1.sel1.r1.sem376254:# 5000.000000  0  463
f1.pc.03.pm.01.e1.sel1.r1.sem4223:# 5000.000000  0  449
f1.pc.03.pm.01.e1.sel1.r1.sem43:# 5000.000000  0  225
f1.pc.03.pm.01.e1.sel1.r1.sem463:# 5000.000000  0  369
f1.pc.03.pm.01.e1.sel1.r1.sem5143:# 5000.000000  0  504
f1.pc.03.pm.01.e1.sel1.r1.sem53:# 5000.000000  0  562
f1.pc.03.pm.01.e1.sel1.r1.sem666:# 5000.000000  0  308
f1.pc.03.pm.01.e1.sel1.r1.sem74263:# 5000.000000  0  417
f1.pc.03.pm.01.e1.sel1.r1.sem786:# 5000.000000  0  315
f1.pc.03.pm.01.e1.sel1.r1.sem7876:# 5000.000000  0  263
f1.pc.03.pm.01.e1.sel1.r1.sem789:# 5000.000000  0  344
f1.pc.03.pm.01.e1.sel1.r1.sem888:# 5000.000000  0  568
f1.pc.03.pm.01.e1.sel1.r1.sem900:# 5000.000000  0  569
f1.pc.03.pm.01.e1.sel1.r2.sem10:# 4349.000000  0  946
f1.pc.03.pm.01.e1.sel1.r2.sem112:# 4325.000000  0  992
f1.pc.03.pm.01.e1.sel1.r2.sem122:# 4513.000000  0  999
f1.pc.03.pm.01.e1.sel1.r2.sem1534:# 4418.000000  0  999
f1.pc.03.pm.01.e1.sel1.r2.sem163:# 4804.000000  0  943
f1.pc.03.pm.01.e1.sel1.r2.sem178:# 4337.000000  0  895
f1.pc.03.pm.01.e1.sel1.r2.sem34:# 4426.000000  0  990
f1.pc.03.pm.01.e1.sel1.r2.sem354123:# 4181.000000  0  930
f1.pc.03.pm.01.e1.sel1.r2.sem376254:# 4250.000000  0  959
f1.pc.03.pm.01.e1.sel1.r2.sem4223:# 4165.000000  0  937
f1.pc.03.pm.01.e1.sel1.r2.sem43:# 4329.000000  0  973
f1.pc.03.pm.01.e1.sel1.r2.sem463:# 4517.000000  0  993
f1.pc.03.pm.01.e1.sel1.r2.sem5143:# 4802.000000  0  936
f1.pc.03.pm.01.e1.sel1.r2.sem53:# 4513.000000  0  971
f1.pc.03.pm.01.e1.sel1.r2.sem666:# 4337.000000  0  973
f1.pc.03.pm.01.e1.sel1.r2.sem74263:# 4264.000000  0  971
f1.pc.03.pm.01.e1.sel1.r2.sem786:# 4234.000000  0  952
f1.pc.03.pm.01.e1.sel1.r2.sem7876:# 4153.000000  0  926
f1.pc.03.pm.01.e1.sel1.r2.sem789:# 4420.000000  0  982
f1.pc.03.pm.01.e1.sel1.r2.sem888:# 4082.000000  0  922
f1.pc.03.pm.01.e1.sel1.r2.sem900:# 4610.000000  0  992
f1.pc.03.pm.01.e1.sel2.r1.sem10:# 5000.000000  0  152
f1.pc.03.pm.01.e1.sel2.r1.sem112:# 5000.000000  0  188
f1.pc.03.pm.01.e1.sel2.r1.sem122:# 5000.000000  0  97
f1.pc.03.pm.01.e1.sel2.r1.sem1534:# 5000.000000  0  210
f1.pc.03.pm.01.e1.sel2.r1.sem163:# 5000.000000  0  120
f1.pc.03.pm.01.e1.sel2.r1.sem178:# 5000.000000  0  144
f1.pc.03.pm.01.e1.sel2.r1.sem34:# 5000.000000  0  167
f1.pc.03.pm.01.e1.sel2.r1.sem354123:# 5000.000000  0  138
f1.pc.03.pm.01.e1.sel2.r1.sem376254:# 5000.000000  0  172
f1.pc.03.pm.01.e1.sel2.r1.sem4223:# 5000.000000  0  96
f1.pc.03.pm.01.e1.sel2.r1.sem43:# 5000.000000  0  193
f1.pc.03.pm.01.e1.sel2.r1.sem463:# 5000.000000  0  213
f1.pc.03.pm.01.e1.sel2.r1.sem5143:# 5000.000000  0  221
f1.pc.03.pm.01.e1.sel2.r1.sem53:# 5000.000000  0  138
f1.pc.03.pm.01.e1.sel2.r1.sem666:# 5000.000000  0  151
f1.pc.03.pm.01.e1.sel2.r1.sem74263:# 5000.000000  0  128
f1.pc.03.pm.01.e1.sel2.r1.sem786:# 5000.000000  0  173
f1.pc.03.pm.01.e1.sel2.r1.sem7876:# 5000.000000  0  161
f1.pc.03.pm.01.e1.sel2.r1.sem789:# 5000.000000  0  112
f1.pc.03.pm.01.e1.sel2.r1.sem888:# 5000.000000  0  163
f1.pc.03.pm.01.e1.sel2.r1.sem900:# 5000.000000  0  109
f1.pc.03.pm.01.e1.sel2.r2.sem10:# 4616.000000  0  764
f1.pc.03.pm.01.e1.sel2.r2.sem112:# 4525.000000  0  973
f1.pc.03.pm.01.e1.sel2.r2.sem122:# 4804.000000  0  857
f1.pc.03.pm.01.e1.sel2.r2.sem1534:# 4525.000000  0  993
f1.pc.03.pm.01.e1.sel2.r2.sem163:# 4709.000000  0  953
f1.pc.03.pm.01.e1.sel2.r2.sem178:# 4616.000000  0  818
f1.pc.03.pm.01.e1.sel2.r2.sem34:# 4802.000000  0  906
f1.pc.03.pm.01.e1.sel2.r2.sem354123:# 4616.000000  0  981
f1.pc.03.pm.01.e1.sel2.r2.sem376254:# 4709.000000  0  875
f1.pc.03.pm.01.e1.sel2.r2.sem4223:# 4616.000000  0  933
f1.pc.03.pm.01.e1.sel2.r2.sem43:# 4436.000000  0  944
f1.pc.03.pm.01.e1.sel2.r2.sem463:# 4804.000000  0  979
f1.pc.03.pm.01.e1.sel2.r2.sem5143:# 4901.000000  0  831
f1.pc.03.pm.01.e1.sel2.r2.sem53:# 4804.000000  0  913
f1.pc.03.pm.01.e1.sel2.r2.sem666:# 5000.000000  0  986
f1.pc.03.pm.01.e1.sel2.r2.sem74263:# 4616.000000  0  872
f1.pc.03.pm.01.e1.sel2.r2.sem786:# 4709.000000  0  964
f1.pc.03.pm.01.e1.sel2.r2.sem7876:# 4517.000000  0  801
f1.pc.03.pm.01.e1.sel2.r2.sem789:# 4610.000000  0  954
f1.pc.03.pm.01.e1.sel2.r2.sem888:# 4616.000000  0  973
f1.pc.03.pm.01.e1.sel2.r2.sem900:# 4705.000000  0  959
f1.pc.03.pm.0.e0.sel1.r1.sem10:# 2314.000000  0  10
f1.pc.03.pm.0.e0.sel1.r1.sem112:# 2066.000000  0  24
f1.pc.03.pm.0.e0.sel1.r1.sem122:# 2180.000000  0  0
f1.pc.03.pm.0.e0.sel1.r1.sem1534:# 2180.000000  0  28
f1.pc.03.pm.0.e0.sel1.r1.sem163:# 2320.000000  0  7
f1.pc.03.pm.0.e0.sel1.r1.sem178:# 2009.000000  0  0
f1.pc.03.pm.0.e0.sel1.r1.sem34:# 2153.000000  0  11
f1.pc.03.pm.0.e0.sel1.r1.sem354123:# 1940.000000  0  57
f1.pc.03.pm.0.e0.sel1.r1.sem376254:# 2113.000000  0  9
f1.pc.03.pm.0.e0.sel1.r1.sem4223:# 2146.000000  0  10
f1.pc.03.pm.0.e0.sel1.r1.sem43:# 2269.000000  0  67
f1.pc.03.pm.0.e0.sel1.r1.sem463:# 2320.000000  0  0
f1.pc.03.pm.0.e0.sel1.r1.sem5143:# 2045.000000  0  18
f1.pc.03.pm.0.e0.sel1.r1.sem53:# 1873.000000  0  8
f1.pc.03.pm.0.e0.sel1.r1.sem666:# 2210.000000  0  5
f1.pc.03.pm.0.e0.sel1.r1.sem74263:# 2113.000000  0  102
f1.pc.03.pm.0.e0.sel1.r1.sem786:# 1922.000000  0  6
f1.pc.03.pm.0.e0.sel1.r1.sem7876:# 1924.000000  0  30
f1.pc.03.pm.0.e0.sel1.r1.sem789:# 2452.000000  0  32
f1.pc.03.pm.0.e0.sel1.r1.sem888:# 1930.000000  0  35
f1.pc.03.pm.0.e0.sel1.r1.sem900:# 2009.000000  0  0
f1.pc.03.pm.0.e0.sel1.r2.sem10:# 2009.000000  0  0
f1.pc.03.pm.0.e0.sel1.r2.sem112:# 1865.000000  0  0
f1.pc.03.pm.0.e0.sel1.r2.sem122:# 2180.000000  0  0
f1.pc.03.pm.0.e0.sel1.r2.sem1534:# 1985.000000  0  0
f1.pc.03.pm.0.e0.sel1.r2.sem163:# 2362.000000  0  347
f1.pc.03.pm.0.e0.sel1.r2.sem178:# 2009.000000  0  0
f1.pc.03.pm.0.e0.sel1.r2.sem34:# 2113.000000  0  0
f1.pc.03.pm.0.e0.sel1.r2.sem354123:# 1682.000000  0  772
f1.pc.03.pm.0.e0.sel1.r2.sem376254:# 2048.000000  0  466
f1.pc.03.pm.0.e0.sel1.r2.sem4223:# 2025.000000  0  626
f1.pc.03.pm.0.e0.sel1.r2.sem43:# 1940.000000  0  259
f1.pc.03.pm.0.e0.sel1.r2.sem463:# 2320.000000  0  0
f1.pc.03.pm.0.e0.sel1.r2.sem5143:# 1922.000000  0  444
f1.pc.03.pm.0.e0.sel1.r2.sem53:# 1924.000000  0  211
f1.pc.03.pm.0.e0.sel1.r2.sem666:# 2025.000000  0  0
f1.pc.03.pm.0.e0.sel1.r2.sem74263:# 1865.000000  0  0
f1.pc.03.pm.0.e0.sel1.r2.sem786:# 1802.000000  0  282
f1.pc.03.pm.0.e0.sel1.r2.sem7876:# 1985.000000  0  91
f1.pc.03.pm.0.e0.sel1.r2.sem789:# 2533.000000  0  474
f1.pc.03.pm.0.e0.sel1.r2.sem888:# 2245.000000  0  543
f1.pc.03.pm.0.e0.sel1.r2.sem900:# 2125.000000  0  659
f1.pc.03.pm.0.e0.sel2.r1.sem10:# 2009.000000  0  0
f1.pc.03.pm.0.e0.sel2.r1.sem112:# 1865.000000  0  0
f1.pc.03.pm.0.e0.sel2.r1.sem122:# 2180.000000  0  0
f1.pc.03.pm.0.e0.sel2.r1.sem1534:# 2186.000000  0  8
f1.pc.03.pm.0.e0.sel2.r1.sem163:# 2137.000000  0  0
f1.pc.03.pm.0.e0.sel2.r1.sem178:# 2009.000000  0  0
f1.pc.03.pm.0.e0.sel2.r1.sem34:# 2117.000000  0  5
f1.pc.03.pm.0.e0.sel2.r1.sem354123:# 1649.000000  0  0
f1.pc.03.pm.0.e0.sel2.r1.sem376254:# 2178.000000  0  7
f1.pc.03.pm.0.e0.sel2.r1.sem4223:# 2066.000000  0  10
f1.pc.03.pm.0.e0.sel2.r1.sem43:# 1850.000000  0  4
f1.pc.03.pm.0.e0.sel2.r1.sem463:# 2320.000000  0  0
f1.pc.03.pm.0.e0.sel2.r1.sem5143:# 1930.000000  0  5
f1.pc.03.pm.0.e0.sel2.r1.sem53:# 2056.000000  0  8
f1.pc.03.pm.0.e0.sel2.r1.sem666:# 2117.000000  0  9
f1.pc.03.pm.0.e0.sel2.r1.sem74263:# 2180.000000  0  7
f1.pc.03.pm.0.e0.sel2.r1.sem786:# 1850.000000  0  5
f1.pc.03.pm.0.e0.sel2.r1.sem7876:# 1861.000000  0  0
f1.pc.03.pm.0.e0.sel2.r1.sem789:# 2056.000000  0  0
f1.pc.03.pm.0.e0.sel2.r1.sem888:# 1765.000000  0  3
f1.pc.03.pm.0.e0.sel2.r1.sem900:# 2381.000000  0  12
f1.pc.03.pm.0.e0.sel2.r2.sem10:# 2056.000000  0  118
f1.pc.03.pm.0.e0.sel2.r2.sem112:# 2113.000000  0  93
f1.pc.03.pm.0.e0.sel2.r2.sem122:# 2180.000000  0  0
f1.pc.03.pm.0.e0.sel2.r2.sem1534:# 1997.000000  0  100
f1.pc.03.pm.0.e0.sel2.r2.sem163:# 2137.000000  0  0
f1.pc.03.pm.0.e0.sel2.r2.sem178:# 2066.000000  0  40
f1.pc.03.pm.0.e0.sel2.r2.sem34:# 2113.000000  0  0
f1.pc.03.pm.0.e0.sel2.r2.sem354123:# 2117.000000  0  136
f1.pc.03.pm.0.e0.sel2.r2.sem376254:# 1818.000000  0  0
f1.pc.03.pm.0.e0.sel2.r2.sem4223:# 1954.000000  0  0
f1.pc.03.pm.0.e0.sel2.r2.sem43:# 1714.000000  0  282
f1.pc.03.pm.0.e0.sel2.r2.sem463:# 2385.000000  0  98
f1.pc.03.pm.0.e0.sel2.r2.sem5143:# 1872.000000  0  0
f1.pc.03.pm.0.e0.sel2.r2.sem53:# 1714.000000  0  0
f1.pc.03.pm.0.e0.sel2.r2.sem666:# 2117.000000  0  135
f1.pc.03.pm.0.e0.sel2.r2.sem74263:# 1865.000000  0  0
f1.pc.03.pm.0.e0.sel2.r2.sem786:# 1850.000000  0  161
f1.pc.03.pm.0.e0.sel2.r2.sem7876:# 1861.000000  0  0
f1.pc.03.pm.0.e0.sel2.r2.sem789:# 2056.000000  0  0
f1.pc.03.pm.0.e0.sel2.r2.sem888:# 1714.000000  0  0
f1.pc.03.pm.0.e0.sel2.r2.sem900:# 2009.000000  0  0
f1.pc.03.pm.0.e1.sel1.r1.sem10:# 2314.000000  0  12
f1.pc.03.pm.0.e1.sel1.r1.sem112:# 2180.000000  0  39
f1.pc.03.pm.0.e1.sel1.r1.sem122:# 2314.000000  0  31
f1.pc.03.pm.0.e1.sel1.r1.sem1534:# 2320.000000  0  4
f1.pc.03.pm.0.e1.sel1.r1.sem163:# 2525.000000  0  53
f1.pc.03.pm.0.e1.sel1.r1.sem178:# 2186.000000  0  22
f1.pc.03.pm.0.e1.sel1.r1.sem34:# 2458.000000  0  14
f1.pc.03.pm.0.e1.sel1.r1.sem354123:# 2125.000000  0  46
f1.pc.03.pm.0.e1.sel1.r1.sem376254:# 2113.000000  0  20
f1.pc.03.pm.0.e1.sel1.r1.sem4223:# 2362.000000  0  45
f1.pc.03.pm.0.e1.sel1.r1.sem43:# 2245.000000  0  104
f1.pc.03.pm.0.e1.sel1.r1.sem463:# 2689.000000  0  42
f1.pc.03.pm.0.e1.sel1.r1.sem5143:# 2381.000000  0  22
f1.pc.03.pm.0.e1.sel1.r1.sem53:# 1861.000000  0  38
f1.pc.03.pm.0.e1.sel1.r1.sem666:# 2257.000000  0  81
f1.pc.03.pm.0.e1.sel1.r1.sem74263:# 1930.000000  0  5
f1.pc.03.pm.0.e1.sel1.r1.sem786:# 1997.000000  0  41
f1.pc.03.pm.0.e1.sel1.r1.sem7876:# 1861.000000  0  0
f1.pc.03.pm.0.e1.sel1.r1.sem789:# 2178.000000  0  10
f1.pc.03.pm.0.e1.sel1.r1.sem888:# 2056.000000  0  7
f1.pc.03.pm.0.e1.sel1.r1.sem900:# 2196.000000  0  41
f1.pc.03.pm.0.e1.sel1.r2.sem10:# 2249.000000  0  19
f1.pc.03.pm.0.e1.sel1.r2.sem112:# 1865.000000  0  0
f1.pc.03.pm.0.e1.sel1.r2.sem122:# 2180.000000  0  0
f1.pc.03.pm.0.e1.sel1.r2.sem1534:# 1985.000000  0  0
f1.pc.03.pm.0.e1.sel1.r2.sem163:# 2137.000000  0  0
f1.pc.03.pm.0.e1.sel1.r2.sem178:# 2009.000000  0  0
f1.pc.03.pm.0.e1.sel1.r2.sem34:# 2113.000000  0  0
f1.pc.03.pm.0.e1.sel1.r2.sem354123:# 1649.000000  0  0
f1.pc.03.pm.0.e1.sel1.r2.sem376254:# 1818.000000  0  0
f1.pc.03.pm.0.e1.sel1.r2.sem4223:# 1954.000000  0  0
f1.pc.03.pm.0.e1.sel1.r2.sem43:# 1800.000000  0  59
f1.pc.03.pm.0.e1.sel1.r2.sem463:# 2320.000000  0  0
f1.pc.03.pm.0.e1.sel1.r2.sem5143:# 1872.000000  0  0
f1.pc.03.pm.0.e1.sel1.r2.sem53:# 1714.000000  0  0
f1.pc.03.pm.0.e1.sel1.r2.sem666:# 2025.000000  0  0
f1.pc.03.pm.0.e1.sel1.r2.sem74263:# 1865.000000  0  0
f1.pc.03.pm.0.e1.sel1.r2.sem786:# 1781.000000  0  0
f1.pc.03.pm.0.e1.sel1.r2.sem7876:# 1989.000000  0  22
f1.pc.03.pm.0.e1.sel1.r2.sem789:# 2056.000000  0  0
f1.pc.03.pm.0.e1.sel1.r2.sem888:# 1714.000000  0  0
f1.pc.03.pm.0.e1.sel1.r2.sem900:# 2009.000000  0  0
f1.pc.03.pm.0.e1.sel2.r1.sem10:# 2009.000000  0  0
f1.pc.03.pm.0.e1.sel2.r1.sem112:# 1865.000000  0  0
f1.pc.03.pm.0.e1.sel2.r1.sem122:# 2180.000000  0  0
f1.pc.03.pm.0.e1.sel2.r1.sem1534:# 1985.000000  0  0
f1.pc.03.pm.0.e1.sel2.r1.sem163:# 2137.000000  0  0
f1.pc.03.pm.0.e1.sel2.r1.sem178:# 2009.000000  0  0
f1.pc.03.pm.0.e1.sel2.r1.sem34:# 2381.000000  0  4
f1.pc.03.pm.0.e1.sel2.r1.sem354123:# 1924.000000  0  8
f1.pc.03.pm.0.e1.sel2.r1.sem376254:# 2178.000000  0  6
f1.pc.03.pm.0.e1.sel2.r1.sem4223:# 2312.000000  0  7
f1.pc.03.pm.0.e1.sel2.r1.sem43:# 1921.000000  0  10
f1.pc.03.pm.0.e1.sel2.r1.sem463:# 2320.000000  0  0
f1.pc.03.pm.0.e1.sel2.r1.sem5143:# 2050.000000  0  3
f1.pc.03.pm.0.e1.sel2.r1.sem53:# 1924.000000  0  2
f1.pc.03.pm.0.e1.sel2.r1.sem666:# 2025.000000  0  0
f1.pc.03.pm.0.e1.sel2.r1.sem74263:# 2056.000000  0  10
f1.pc.03.pm.0.e1.sel2.r1.sem786:# 1781.000000  0  0
f1.pc.03.pm.0.e1.sel2.r1.sem7876:# 1861.000000  0  0
f1.pc.03.pm.0.e1.sel2.r1.sem789:# 2056.000000  0  0
f1.pc.03.pm.0.e1.sel2.r1.sem888:# 2178.000000  0  4
f1.pc.03.pm.0.e1.sel2.r1.sem900:# 2381.000000  0  10
f1.pc.03.pm.0.e1.sel2.r2.sem10:# 2009.000000  0  0
f1.pc.03.pm.0.e1.sel2.r2.sem112:# 1985.000000  0  14
f1.pc.03.pm.0.e1.sel2.r2.sem122:# 2180.000000  0  0
f1.pc.03.pm.0.e1.sel2.r2.sem1534:# 1985.000000  0  0
f1.pc.03.pm.0.e1.sel2.r2.sem163:# 2137.000000  0  0
f1.pc.03.pm.0.e1.sel2.r2.sem178:# 2009.000000  0  0
f1.pc.03.pm.0.e1.sel2.r2.sem34:# 2113.000000  0  0
f1.pc.03.pm.0.e1.sel2.r2.sem354123:# 1649.000000  0  0
f1.pc.03.pm.0.e1.sel2.r2.sem376254:# 1818.000000  0  0
f1.pc.03.pm.0.e1.sel2.r2.sem4223:# 1954.000000  0  0
f1.pc.03.pm.0.e1.sel2.r2.sem43:# 1625.000000  0  0
f1.pc.03.pm.0.e1.sel2.r2.sem463:# 2320.000000  0  0
f1.pc.03.pm.0.e1.sel2.r2.sem5143:# 1872.000000  0  0
f1.pc.03.pm.0.e1.sel2.r2.sem53:# 1818.000000  0  33
f1.pc.03.pm.0.e1.sel2.r2.sem666:# 2178.000000  0  19
f1.pc.03.pm.0.e1.sel2.r2.sem74263:# 1865.000000  0  0
f1.pc.03.pm.0.e1.sel2.r2.sem786:# 1781.000000  0  0
f1.pc.03.pm.0.e1.sel2.r2.sem7876:# 1861.000000  0  0
f1.pc.03.pm.0.e1.sel2.r2.sem789:# 2056.000000  0  0
f1.pc.03.pm.0.e1.sel2.r2.sem888:# 1745.000000  0  54
f1.pc.03.pm.0.e1.sel2.r2.sem900:# 2009.000000  0  0
f1.pc.03.pm.1.e0.sel1.r1.sem10:# 2705.000000  0  252
f1.pc.03.pm.1.e0.sel1.r1.sem112:# 2965.000000  0  785
f1.pc.03.pm.1.e0.sel1.r1.sem122:# 2600.000000  0  240
f1.pc.03.pm.1.e0.sel1.r1.sem1534:# 2938.000000  0  868
f1.pc.03.pm.1.e0.sel1.r1.sem163:# 2624.000000  0  760
f1.pc.03.pm.1.e0.sel1.r1.sem178:# 2665.000000  0  382
f1.pc.03.pm.1.e0.sel1.r1.sem34:# 2705.000000  0  416
f1.pc.03.pm.1.e0.sel1.r1.sem354123:# 2665.000000  0  206
f1.pc.03.pm.1.e0.sel1.r1.sem376254:# 2813.000000  0  192
f1.pc.03.pm.1.e0.sel1.r1.sem4223:# 2669.000000  0  287
f1.pc.03.pm.1.e0.sel1.r1.sem43:# 2561.000000  0  134
f1.pc.03.pm.1.e0.sel1.r1.sem463:# 2817.000000  0  506
f1.pc.03.pm.1.e0.sel1.r1.sem5143:# 2756.000000  0  366
f1.pc.03.pm.1.e0.sel1.r1.sem53:# 2740.000000  0  436
f1.pc.03.pm.1.e0.sel1.r1.sem666:# 2600.000000  0  678
f1.pc.03.pm.1.e0.sel1.r1.sem74263:# 2624.000000  0  147
f1.pc.03.pm.1.e0.sel1.r1.sem786:# 2837.000000  0  464
f1.pc.03.pm.1.e0.sel1.r1.sem7876:# 2837.000000  0  999
f1.pc.03.pm.1.e0.sel1.r1.sem789:# 2610.000000  0  932
f1.pc.03.pm.1.e0.sel1.r1.sem888:# 2853.000000  0  533
f1.pc.03.pm.1.e0.sel1.r1.sem900:# 2600.000000  0  468
f1.pc.03.pm.1.e0.sel1.r2.sem10:# 2125.000000  0  183
f1.pc.03.pm.1.e0.sel1.r2.sem112:# 2320.000000  0  57
f1.pc.03.pm.1.e0.sel1.r2.sem122:# 2269.000000  0  657
f1.pc.03.pm.1.e0.sel1.r2.sem1534:# 2196.000000  0  953
f1.pc.03.pm.1.e0.sel1.r2.sem163:# 2468.000000  0  696
f1.pc.03.pm.1.e0.sel1.r2.sem178:# 2533.000000  0  941
f1.pc.03.pm.1.e0.sel1.r2.sem34:# 2249.000000  0  576
f1.pc.03.pm.1.e0.sel1.r2.sem354123:# 2458.000000  0  544
f1.pc.03.pm.1.e0.sel1.r2.sem376254:# 2245.000000  0  942
f1.pc.03.pm.1.e0.sel1.r2.sem4223:# 2249.000000  0  932
f1.pc.03.pm.1.e0.sel1.r2.sem43:# 2117.000000  0  897
f1.pc.03.pm.1.e0.sel1.r2.sem463:# 2357.000000  0  190
f1.pc.03.pm.1.e0.sel1.r2.sem5143:# 2120.000000  0  684
f1.pc.03.pm.1.e0.sel1.r2.sem53:# 2245.000000  0  880
f1.pc.03.pm.1.e0.sel1.r2.sem666:# 2533.000000  0  81
f1.pc.03.pm.1.e0.sel1.r2.sem74263:# 2186.000000  0  934
f1.pc.03.pm.1.e0.sel1.r2.sem786:# 2196.000000  0  209
f1.pc.03.pm.1.e0.sel1.r2.sem7876:# 2314.000000  0  851
f1.pc.03.pm.1.e0.sel1.r2.sem789:# 2344.000000  0  931
f1.pc.03.pm.1.e0.sel1.r2.sem888:# 2066.000000  0  320
f1.pc.03.pm.1.e0.sel1.r2.sem900:# 2250.000000  0  166
f1.pc.03.pm.1.e0.sel2.r1.sem10:# 2788.000000  0  467
f1.pc.03.pm.1.e0.sel2.r1.sem112:# 2896.000000  0  415
f1.pc.03.pm.1.e0.sel2.r1.sem122:# 2897.000000  0  875
f1.pc.03.pm.1.e0.sel2.r1.sem1534:# 2896.000000  0  222
f1.pc.03.pm.1.e0.sel2.r1.sem163:# 2888.000000  0  434
f1.pc.03.pm.1.e0.sel2.r1.sem178:# 2813.000000  0  968
f1.pc.03.pm.1.e0.sel2.r1.sem34:# 2896.000000  0  776
f1.pc.03.pm.1.e0.sel2.r1.sem354123:# 3044.000000  0  452
f1.pc.03.pm.1.e0.sel2.r1.sem376254:# 2896.000000  0  263
f1.pc.03.pm.1.e0.sel2.r1.sem4223:# 2896.000000  0  838
f1.pc.03.pm.1.e0.sel2.r1.sem43:# 2965.000000  0  429
f1.pc.03.pm.1.e0.sel2.r1.sem463:# 2825.000000  0  932
f1.pc.03.pm.1.e0.sel2.r1.sem5143:# 2977.000000  0  714
f1.pc.03.pm.1.e0.sel2.r1.sem53:# 2888.000000  0  257
f1.pc.03.pm.1.e0.sel2.r1.sem666:# 2969.000000  0  866
f1.pc.03.pm.1.e0.sel2.r1.sem74263:# 2837.000000  0  644
f1.pc.03.pm.1.e0.sel2.r1.sem786:# 2825.000000  0  566
f1.pc.03.pm.1.e0.sel2.r1.sem7876:# 2825.000000  0  314
f1.pc.03.pm.1.e0.sel2.r1.sem789:# 2825.000000  0  883
f1.pc.03.pm.1.e0.sel2.r1.sem888:# 2965.000000  0  826
f1.pc.03.pm.1.e0.sel2.r1.sem900:# 2813.000000  0  641
f1.pc.03.pm.1.e0.sel2.r2.sem10:# 2837.000000  0  295
f1.pc.03.pm.1.e0.sel2.r2.sem112:# 2320.000000  0  168
f1.pc.03.pm.1.e0.sel2.r2.sem122:# 2521.000000  0  878
f1.pc.03.pm.1.e0.sel2.r2.sem1534:# 2533.000000  0  505
f1.pc.03.pm.1.e0.sel2.r2.sem163:# 2381.000000  0  66
f1.pc.03.pm.1.e0.sel2.r2.sem178:# 2458.000000  0  678
f1.pc.03.pm.1.e0.sel2.r2.sem34:# 2740.000000  0  634
f1.pc.03.pm.1.e0.sel2.r2.sem354123:# 2665.000000  0  655
f1.pc.03.pm.1.e0.sel2.r2.sem376254:# 2393.000000  0  397
f1.pc.03.pm.1.e0.sel2.r2.sem4223:# 2320.000000  0  284
f1.pc.03.pm.1.e0.sel2.r2.sem43:# 2813.000000  0  663
f1.pc.03.pm.1.e0.sel2.r2.sem463:# 2600.000000  0  430
f1.pc.03.pm.1.e0.sel2.r2.sem5143:# 2405.000000  0  373
f1.pc.03.pm.1.e0.sel2.r2.sem53:# 2381.000000  0  780
f1.pc.03.pm.1.e0.sel2.r2.sem666:# 2669.000000  0  849
f1.pc.03.pm.1.e0.sel2.r2.sem74263:# 2452.000000  0  478
f1.pc.03.pm.1.e0.sel2.r2.sem786:# 2344.000000  0  336
f1.pc.03.pm.1.e0.sel2.r2.sem7876:# 2533.000000  0  116
f1.pc.03.pm.1.e0.sel2.r2.sem789:# 2740.000000  0  713
f1.pc.03.pm.1.e0.sel2.r2.sem888:# 2525.000000  0  588
f1.pc.03.pm.1.e0.sel2.r2.sem900:# 2610.000000  0  620
f1.pc.03.pm.1.e1.sel1.r1.sem10:# 4052.000000  0  797
f1.pc.03.pm.1.e1.sel1.r1.sem112:# 4145.000000  0  861
f1.pc.03.pm.1.e1.sel1.r1.sem122:# 3797.000000  0  803
f1.pc.03.pm.1.e1.sel1.r1.sem1534:# 3890.000000  0  969
f1.pc.03.pm.1.e1.sel1.r1.sem163:# 3973.000000  0  862
f1.pc.03.pm.1.e1.sel1.r1.sem178:# 3961.000000  0  874
f1.pc.03.pm.1.e1.sel1.r1.sem34:# 3961.000000  0  668
f1.pc.03.pm.1.e1.sel1.r1.sem354123:# 3872.000000  0  918
f1.pc.03.pm.1.e1.sel1.r1.sem376254:# 3985.000000  0  992
f1.pc.03.pm.1.e1.sel1.r1.sem4223:# 3716.000000  0  964
f1.pc.03.pm.1.e1.sel1.r1.sem43:# 3797.000000  0  740
f1.pc.03.pm.1.e1.sel1.r1.sem463:# 3961.000000  0  977
f1.pc.03.pm.1.e1.sel1.r1.sem5143:# 4329.000000  0  790
f1.pc.03.pm.1.e1.sel1.r1.sem53:# 3961.000000  0  899
f1.pc.03.pm.1.e1.sel1.r1.sem666:# 4068.000000  0  894
f1.pc.03.pm.1.e1.sel1.r1.sem74263:# 3874.000000  0  687
f1.pc.03.pm.1.e1.sel1.r1.sem786:# 4153.000000  0  783
f1.pc.03.pm.1.e1.sel1.r1.sem7876:# 3985.000000  0  615
f1.pc.03.pm.1.e1.sel1.r1.sem789:# 4058.000000  0  313
f1.pc.03.pm.1.e1.sel1.r1.sem888:# 3965.000000  0  735
f1.pc.03.pm.1.e1.sel1.r1.sem900:# 3874.000000  0  460
f1.pc.03.pm.1.e1.sel1.r2.sem10:# 3536.000000  0  909
f1.pc.03.pm.1.e1.sel1.r2.sem112:# 3536.000000  0  832
f1.pc.03.pm.1.e1.sel1.r2.sem122:# 3208.000000  0  570
f1.pc.03.pm.1.e1.sel1.r2.sem1534:# 3445.000000  0  741
f1.pc.03.pm.1.e1.sel1.r2.sem163:# 3305.000000  0  983
f1.pc.03.pm.1.e1.sel1.r2.sem178:# 3412.000000  0  856
f1.pc.03.pm.1.e1.sel1.r2.sem34:# 3364.000000  0  670
f1.pc.03.pm.1.e1.sel1.r2.sem354123:# 3613.000000  0  868
f1.pc.03.pm.1.e1.sel1.r2.sem376254:# 3412.000000  0  957
f1.pc.03.pm.1.e1.sel1.r2.sem4223:# 3457.000000  0  913
f1.pc.03.pm.1.e1.sel1.r2.sem43:# 3457.000000  0  682
f1.pc.03.pm.1.e1.sel1.r2.sem463:# 3716.000000  0  663
f1.pc.03.pm.1.e1.sel1.r2.sem5143:# 3530.000000  0  791
f1.pc.03.pm.1.e1.sel1.r2.sem53:# 3625.000000  0  867
f1.pc.03.pm.1.e1.sel1.r2.sem666:# 3617.000000  0  951
f1.pc.03.pm.1.e1.sel1.r2.sem74263:# 3293.000000  0  716
f1.pc.03.pm.1.e1.sel1.r2.sem786:# 3293.000000  0  976
f1.pc.03.pm.1.e1.sel1.r2.sem7876:# 3445.000000  0  720
f1.pc.03.pm.1.e1.sel1.r2.sem789:# 3700.000000  0  833
f1.pc.03.pm.1.e1.sel1.r2.sem888:# 3578.000000  0  934
f1.pc.03.pm.1.e1.sel1.r2.sem900:# 3250.000000  0  570
f1.pc.03.pm.1.e1.sel2.r1.sem10:# 3809.000000  0  979
f1.pc.03.pm.1.e1.sel2.r1.sem112:# 3797.000000  0  422
f1.pc.03.pm.1.e1.sel2.r1.sem122:# 3904.000000  0  952
f1.pc.03.pm.1.e1.sel2.r1.sem1534:# 3880.000000  0  491
f1.pc.03.pm.1.e1.sel2.r1.sem163:# 4058.000000  0  346
f1.pc.03.pm.1.e1.sel2.r1.sem178:# 4145.000000  0  915
f1.pc.03.pm.1.e1.sel2.r1.sem34:# 3613.000000  0  456
f1.pc.03.pm.1.e1.sel2.r1.sem354123:# 4145.000000  0  969
f1.pc.03.pm.1.e1.sel2.r1.sem376254:# 3880.000000  0  942
f1.pc.03.pm.1.e1.sel2.r1.sem4223:# 3973.000000  0  876
f1.pc.03.pm.1.e1.sel2.r1.sem43:# 3961.000000  0  708
f1.pc.03.pm.1.e1.sel2.r1.sem463:# 3880.000000  0  661
f1.pc.03.pm.1.e1.sel2.r1.sem5143:# 4058.000000  0  868
f1.pc.03.pm.1.e1.sel2.r1.sem53:# 4052.000000  0  576
f1.pc.03.pm.1.e1.sel2.r1.sem666:# 4141.000000  0  595
f1.pc.03.pm.1.e1.sel2.r1.sem74263:# 3973.000000  0  411
f1.pc.03.pm.1.e1.sel2.r1.sem786:# 4153.000000  0  689
f1.pc.03.pm.1.e1.sel2.r1.sem7876:# 3965.000000  0  832
f1.pc.03.pm.1.e1.sel2.r1.sem789:# 4050.000000  0  999
f1.pc.03.pm.1.e1.sel2.r1.sem888:# 3890.000000  0  645
f1.pc.03.pm.1.e1.sel2.r1.sem900:# 4052.000000  0  890
f1.pc.03.pm.1.e1.sel2.r2.sem10:# 3637.000000  0  987
f1.pc.03.pm.1.e1.sel2.r2.sem112:# 3394.000000  0  892
f1.pc.03.pm.1.e1.sel2.r2.sem122:# 3789.000000  0  699
f1.pc.03.pm.1.e1.sel2.r2.sem1534:# 3232.000000  0  932
f1.pc.03.pm.1.e1.sel2.r2.sem163:# 3445.000000  0  725
f1.pc.03.pm.1.e1.sel2.r2.sem178:# 3370.000000  0  791
f1.pc.03.pm.1.e1.sel2.r2.sem34:# 3617.000000  0  495
f1.pc.03.pm.1.e1.sel2.r2.sem354123:# 3874.000000  0  688
f1.pc.03.pm.1.e1.sel2.r2.sem376254:# 3560.000000  0  998
f1.pc.03.pm.1.e1.sel2.r2.sem4223:# 3637.000000  0  786
f1.pc.03.pm.1.e1.sel2.r2.sem43:# 3536.000000  0  945
f1.pc.03.pm.1.e1.sel2.r2.sem463:# 3457.000000  0  980
f1.pc.03.pm.1.e1.sel2.r2.sem5143:# 3321.000000  0  992
f1.pc.03.pm.1.e1.sel2.r2.sem53:# 3530.000000  0  766
f1.pc.03.pm.1.e1.sel2.r2.sem666:# 3293.000000  0  787
f1.pc.03.pm.1.e1.sel2.r2.sem74263:# 3394.000000  0  651
f1.pc.03.pm.1.e1.sel2.r2.sem786:# 3250.000000  0  946
f1.pc.03.pm.1.e1.sel2.r2.sem7876:# 3809.000000  0  954
f1.pc.03.pm.1.e1.sel2.r2.sem789:# 3370.000000  0  795
f1.pc.03.pm.1.e1.sel2.r2.sem888:# 3536.000000  0  961
f1.pc.03.pm.1.e1.sel2.r2.sem900:# 3457.000000  0  704
f1.pc.06.pm.01.e0.sel1.r1.sem10:# 3121.000000  0  277
f1.pc.06.pm.01.e0.sel1.r1.sem112:# 3285.000000  0  819
f1.pc.06.pm.01.e0.sel1.r1.sem122:# 3272.000000  0  200
f1.pc.06.pm.01.e0.sel1.r1.sem1534:# 3528.000000  0  292
f1.pc.06.pm.01.e0.sel1.r1.sem163:# 3370.000000  0  927
f1.pc.06.pm.01.e0.sel1.r1.sem178:# 3202.000000  0  221
f1.pc.06.pm.01.e0.sel1.r1.sem34:# 3208.000000  0  353
f1.pc.06.pm.01.e0.sel1.r1.sem354123:# 3060.000000  0  363
f1.pc.06.pm.01.e0.sel1.r1.sem376254:# 3370.000000  0  305
f1.pc.06.pm.01.e0.sel1.r1.sem4223:# 3250.000000  0  660
f1.pc.06.pm.01.e0.sel1.r1.sem43:# 3218.000000  0  617
f1.pc.06.pm.01.e0.sel1.r1.sem463:# 3469.000000  0  298
f1.pc.06.pm.01.e0.sel1.r1.sem5143:# 3546.000000  0  781
f1.pc.06.pm.01.e0.sel1.r1.sem53:# 3285.000000  0  185
f1.pc.06.pm.01.e0.sel1.r1.sem666:# 3625.000000  0  306
f1.pc.06.pm.01.e0.sel1.r1.sem74263:# 3133.000000  0  111
f1.pc.06.pm.01.e0.sel1.r1.sem786:# 3305.000000  0  304
f1.pc.06.pm.01.e0.sel1.r1.sem7876:# 3202.000000  0  677
f1.pc.06.pm.01.e0.sel1.r1.sem789:# 3202.000000  0  389
f1.pc.06.pm.01.e0.sel1.r1.sem888:# 3133.000000  0  885
f1.pc.06.pm.01.e0.sel1.r1.sem900:# 3208.000000  0  103
f1.pc.06.pm.01.e0.sel1.r2.sem10:# 2330.000000  0  524
f1.pc.06.pm.01.e0.sel1.r2.sem112:# 2117.000000  0  832
f1.pc.06.pm.01.e0.sel1.r2.sem122:# 2249.000000  0  639
f1.pc.06.pm.01.e0.sel1.r2.sem1534:# 2113.000000  0  84
f1.pc.06.pm.01.e0.sel1.r2.sem163:# 2137.000000  0  0
f1.pc.06.pm.01.e0.sel1.r2.sem178:# 2320.000000  0  776
f1.pc.06.pm.01.e0.sel1.r2.sem34:# 2113.000000  0  0
f1.pc.06.pm.01.e0.sel1.r2.sem354123:# 2330.000000  0  1000
f1.pc.06.pm.01.e0.sel1.r2.sem376254:# 1818.000000  0  0
f1.pc.06.pm.01.e0.sel1.r2.sem4223:# 2314.000000  0  981
f1.pc.06.pm.01.e0.sel1.r2.sem43:# 2125.000000  0  710
f1.pc.06.pm.01.e0.sel1.r2.sem463:# 2610.000000  0  860
f1.pc.06.pm.01.e0.sel1.r2.sem5143:# 2186.000000  0  478
f1.pc.06.pm.01.e0.sel1.r2.sem53:# 2066.000000  0  968
f1.pc.06.pm.01.e0.sel1.r2.sem666:# 2330.000000  0  916
f1.pc.06.pm.01.e0.sel1.r2.sem74263:# 2344.000000  0  885
f1.pc.06.pm.01.e0.sel1.r2.sem786:# 2098.000000  0  912
f1.pc.06.pm.01.e0.sel1.r2.sem7876:# 2450.000000  0  773
f1.pc.06.pm.01.e0.sel1.r2.sem789:# 2594.000000  0  473
f1.pc.06.pm.01.e0.sel1.r2.sem888:# 1765.000000  0  91
f1.pc.06.pm.01.e0.sel1.r2.sem900:# 2452.000000  0  401
f1.pc.06.pm.01.e0.sel2.r1.sem10:# 4901.000000  0  869
f1.pc.06.pm.01.e0.sel2.r1.sem112:# 4804.000000  0  691
f1.pc.06.pm.01.e0.sel2.r1.sem122:# 4804.000000  0  947
f1.pc.06.pm.01.e0.sel2.r1.sem1534:# 4802.000000  0  651
f1.pc.06.pm.01.e0.sel2.r1.sem163:# 4901.000000  0  665
f1.pc.06.pm.01.e0.sel2.r1.sem178:# 4901.000000  0  749
f1.pc.06.pm.01.e0.sel2.r1.sem34:# 4802.000000  0  438
f1.pc.06.pm.01.e0.sel2.r1.sem354123:# 4802.000000  0  885
f1.pc.06.pm.01.e0.sel2.r1.sem376254:# 4901.000000  0  399
f1.pc.06.pm.01.e0.sel2.r1.sem4223:# 4804.000000  0  862
f1.pc.06.pm.01.e0.sel2.r1.sem43:# 4804.000000  0  306
f1.pc.06.pm.01.e0.sel2.r1.sem463:# 4901.000000  0  790
f1.pc.06.pm.01.e0.sel2.r1.sem5143:# 4804.000000  0  934
f1.pc.06.pm.01.e0.sel2.r1.sem53:# 4802.000000  0  336
f1.pc.06.pm.01.e0.sel2.r1.sem666:# 4901.000000  0  504
f1.pc.06.pm.01.e0.sel2.r1.sem74263:# 4901.000000  0  549
f1.pc.06.pm.01.e0.sel2.r1.sem786:# 4804.000000  0  734
f1.pc.06.pm.01.e0.sel2.r1.sem7876:# 4802.000000  0  643
f1.pc.06.pm.01.e0.sel2.r1.sem789:# 4804.000000  0  943
f1.pc.06.pm.01.e0.sel2.r1.sem888:# 4802.000000  0  395
f1.pc.06.pm.01.e0.sel2.r1.sem900:# 4804.000000  0  162
f1.pc.06.pm.01.e0.sel2.r2.sem10:# 2533.000000  0  861
f1.pc.06.pm.01.e0.sel2.r2.sem112:# 2756.000000  0  939
f1.pc.06.pm.01.e0.sel2.r2.sem122:# 2669.000000  0  963
f1.pc.06.pm.01.e0.sel2.r2.sem1534:# 2669.000000  0  890
f1.pc.06.pm.01.e0.sel2.r2.sem163:# 2725.000000  0  957
f1.pc.06.pm.01.e0.sel2.r2.sem178:# 3050.000000  0  980
f1.pc.06.pm.01.e0.sel2.r2.sem34:# 2896.000000  0  953
f1.pc.06.pm.01.e0.sel2.r2.sem354123:# 2888.000000  0  987
f1.pc.06.pm.01.e0.sel2.r2.sem376254:# 2890.000000  0  973
f1.pc.06.pm.01.e0.sel2.r2.sem4223:# 2740.000000  0  843
f1.pc.06.pm.01.e0.sel2.r2.sem43:# 2393.000000  0  981
f1.pc.06.pm.01.e0.sel2.r2.sem463:# 2810.000000  0  901
f1.pc.06.pm.01.e0.sel2.r2.sem5143:# 2740.000000  0  808
f1.pc.06.pm.01.e0.sel2.r2.sem53:# 3042.000000  0  949
f1.pc.06.pm.01.e0.sel2.r2.sem666:# 2677.000000  0  882
f1.pc.06.pm.01.e0.sel2.r2.sem74263:# 2896.000000  0  904
f1.pc.06.pm.01.e0.sel2.r2.sem786:# 2977.000000  0  991
f1.pc.06.pm.01.e0.sel2.r2.sem7876:# 2746.000000  0  992
f1.pc.06.pm.01.e0.sel2.r2.sem789:# 2853.000000  0  881
f1.pc.06.pm.01.e0.sel2.r2.sem888:# 2594.000000  0  900
f1.pc.06.pm.01.e0.sel2.r2.sem900:# 3145.000000  0  938
f1.pc.06.pm.01.e1.sel1.r1.sem10:# 5000.000000  0  351
f1.pc.06.pm.01.e1.sel1.r1.sem112:# 5000.000000  0  617
f1.pc.06.pm.01.e1.sel1.r1.sem122:# 5000.000000  0  345
f1.pc.06.pm.01.e1.sel1.r1.sem1534:# 5000.000000  0  493
f1.pc.06.pm.01.e1.sel1.r1.sem163:# 5000.000000  0  268
f1.pc.06.pm.01.e1.sel1.r1.sem178:# 5000.000000  0  392
f1.pc.06.pm.01.e1.sel1.r1.sem34:# 5000.000000  0  293
f1.pc.06.pm.01.e1.sel1.r1.sem354123:# 5000.000000  0  381
f1.pc.06.pm.01.e1.sel1.r1.sem376254:# 5000.000000  0  355
f1.pc.06.pm.01.e1.sel1.r1.sem4223:# 5000.000000  0  553
f1.pc.06.pm.01.e1.sel1.r1.sem43:# 5000.000000  0  486
f1.pc.06.pm.01.e1.sel1.r1.sem463:# 5000.000000  0  510
f1.pc.06.pm.01.e1.sel1.r1.sem5143:# 5000.000000  0  537
f1.pc.06.pm.01.e1.sel1.r1.sem53:# 5000.000000  0  783
f1.pc.06.pm.01.e1.sel1.r1.sem666:# 5000.000000  0  634
f1.pc.06.pm.01.e1.sel1.r1.sem74263:# 4901.000000  0  235
f1.pc.06.pm.01.e1.sel1.r1.sem786:# 5000.000000  0  330
f1.pc.06.pm.01.e1.sel1.r1.sem7876:# 5000.000000  0  325
f1.pc.06.pm.01.e1.sel1.r1.sem789:# 5000.000000  0  430
f1.pc.06.pm.01.e1.sel1.r1.sem888:# 5000.000000  0  406
f1.pc.06.pm.01.e1.sel1.r1.sem900:# 5000.000000  0  371
f1.pc.06.pm.01.e1.sel1.r2.sem10:# 4517.000000  0  959
f1.pc.06.pm.01.e1.sel1.r2.sem112:# 4610.000000  0  969
f1.pc.06.pm.01.e1.sel1.r2.sem122:# 4426.000000  0  931
f1.pc.06.pm.01.e1.sel1.r2.sem1534:# 4705.000000  0  994
f1.pc.06.pm.01.e1.sel1.r2.sem163:# 4325.000000  0  987
f1.pc.06.pm.01.e1.sel1.r2.sem178:# 4426.000000  0  972
f1.pc.06.pm.01.e1.sel1.r2.sem34:# 4705.000000  0  995
f1.pc.06.pm.01.e1.sel1.r2.sem354123:# 4517.000000  0  976
f1.pc.06.pm.01.e1.sel1.r2.sem376254:# 4337.000000  0  948
f1.pc.06.pm.01.e1.sel1.r2.sem4223:# 4436.000000  0  951
f1.pc.06.pm.01.e1.sel1.r2.sem43:# 4232.000000  0  964
f1.pc.06.pm.01.e1.sel1.r2.sem463:# 4610.000000  0  995
f1.pc.06.pm.01.e1.sel1.r2.sem5143:# 4608.000000  0  884
f1.pc.06.pm.01.e1.sel1.r2.sem53:# 4608.000000  0  994
f1.pc.06.pm.01.e1.sel1.r2.sem666:# 4264.000000  0  964
f1.pc.06.pm.01.e1.sel1.r2.sem74263:# 4058.000000  0  911
f1.pc.06.pm.01.e1.sel1.r2.sem786:# 4240.000000  0  953
f1.pc.06.pm.01.e1.sel1.r2.sem7876:# 4337.000000  0  959
f1.pc.06.pm.01.e1.sel1.r2.sem789:# 4513.000000  0  950
f1.pc.06.pm.01.e1.sel1.r2.sem888:# 4337.000000  0  963
f1.pc.06.pm.01.e1.sel1.r2.sem900:# 4329.000000  0  994
f1.pc.06.pm.01.e1.sel2.r1.sem10:# 5000.000000  0  192
f1.pc.06.pm.01.e1.sel2.r1.sem112:# 5000.000000  0  142
f1.pc.06.pm.01.e1.sel2.r1.sem122:# 5000.000000  0  212
f1.pc.06.pm.01.e1.sel2.r1.sem1534:# 5000.000000  0  111
f1.pc.06.pm.01.e1.sel2.r1.sem163:# 5000.000000  0  208
f1.pc.06.pm.01.e1.sel2.r1.sem178:# 5000.000000  0  106
f1.pc.06.pm.01.e1.sel2.r1.sem34:# 5000.000000  0  138
f1.pc.06.pm.01.e1.sel2.r1.sem354123:# 5000.000000  0  122
f1.pc.06.pm.01.e1.sel2.r1.sem376254:# 5000.000000  0  140
f1.pc.06.pm.01.e1.sel2.r1.sem4223:# 5000.000000  0  136
f1.pc.06.pm.01.e1.sel2.r1.sem43:# 5000.000000  0  170
f1.pc.06.pm.01.e1.sel2.r1.sem463:# 5000.000000  0  150
f1.pc.06.pm.01.e1.sel2.r1.sem5143:# 5000.000000  0  153
f1.pc.06.pm.01.e1.sel2.r1.sem53:# 5000.000000  0  152
f1.pc.06.pm.01.e1.sel2.r1.sem666:# 5000.000000  0  175
f1.pc.06.pm.01.e1.sel2.r1.sem74263:# 5000.000000  0  117
f1.pc.06.pm.01.e1.sel2.r1.sem786:# 5000.000000  0  149
f1.pc.06.pm.01.e1.sel2.r1.sem7876:# 5000.000000  0  171
f1.pc.06.pm.01.e1.sel2.r1.sem789:# 5000.000000  0  148
f1.pc.06.pm.01.e1.sel2.r1.sem888:# 5000.000000  0  279
f1.pc.06.pm.01.e1.sel2.r1.sem900:# 5000.000000  0  141
f1.pc.06.pm.01.e1.sel2.r2.sem10:# 4610.000000  0  919
f1.pc.06.pm.01.e1.sel2.r2.sem112:# 4804.000000  0  972
f1.pc.06.pm.01.e1.sel2.r2.sem122:# 4709.000000  0  867
f1.pc.06.pm.01.e1.sel2.r2.sem1534:# 4709.000000  0  862
f1.pc.06.pm.01.e1.sel2.r2.sem163:# 4616.000000  0  995
f1.pc.06.pm.01.e1.sel2.r2.sem178:# 4802.000000  0  911
f1.pc.06.pm.01.e1.sel2.r2.sem34:# 4709.000000  0  1000
f1.pc.06.pm.01.e1.sel2.r2.sem354123:# 4426.000000  0  913
f1.pc.06.pm.01.e1.sel2.r2.sem376254:# 4901.000000  0  898
f1.pc.06.pm.01.e1.sel2.r2.sem4223:# 4705.000000  0  865
f1.pc.06.pm.01.e1.sel2.r2.sem43:# 4709.000000  0  925
f1.pc.06.pm.01.e1.sel2.r2.sem463:# 4901.000000  0  910
f1.pc.06.pm.01.e1.sel2.r2.sem5143:# 4804.000000  0  971
f1.pc.06.pm.01.e1.sel2.r2.sem53:# 4616.000000  0  927
f1.pc.06.pm.01.e1.sel2.r2.sem666:# 4901.000000  0  931
f1.pc.06.pm.01.e1.sel2.r2.sem74263:# 4804.000000  0  957
f1.pc.06.pm.01.e1.sel2.r2.sem786:# 4616.000000  0  964
f1.pc.06.pm.01.e1.sel2.r2.sem7876:# 4436.000000  0  947
f1.pc.06.pm.01.e1.sel2.r2.sem789:# 4610.000000  0  933
f1.pc.06.pm.01.e1.sel2.r2.sem888:# 4709.000000  0  953
f1.pc.06.pm.01.e1.sel2.r2.sem900:# 4709.000000  0  976
f1.pc.06.pm.0.e0.sel1.r1.sem10:# 2180.000000  0  27
f1.pc.06.pm.0.e0.sel1.r1.sem112:# 2180.000000  0  60
f1.pc.06.pm.0.e0.sel1.r1.sem122:# 2180.000000  0  0
f1.pc.06.pm.0.e0.sel1.r1.sem1534:# 2545.000000  0  138
f1.pc.06.pm.0.e0.sel1.r1.sem163:# 2525.000000  0  19
f1.pc.06.pm.0.e0.sel1.r1.sem178:# 2450.000000  0  24
f1.pc.06.pm.0.e0.sel1.r1.sem34:# 2468.000000  0  77
f1.pc.06.pm.0.e0.sel1.r1.sem354123:# 1873.000000  0  18
f1.pc.06.pm.0.e0.sel1.r1.sem376254:# 2056.000000  0  25
f1.pc.06.pm.0.e0.sel1.r1.sem4223:# 1954.000000  0  0
f1.pc.06.pm.0.e0.sel1.r1.sem43:# 2330.000000  0  55
f1.pc.06.pm.0.e0.sel1.r1.sem463:# 2320.000000  0  0
f1.pc.06.pm.0.e0.sel1.r1.sem5143:# 2405.000000  0  40
f1.pc.06.pm.0.e0.sel1.r1.sem53:# 1873.000000  0  82
f1.pc.06.pm.0.e0.sel1.r1.sem666:# 2196.000000  0  5
f1.pc.06.pm.0.e0.sel1.r1.sem74263:# 2249.000000  0  12
f1.pc.06.pm.0.e0.sel1.r1.sem786:# 2186.000000  0  26
f1.pc.06.pm.0.e0.sel1.r1.sem7876:# 2249.000000  0  83
f1.pc.06.pm.0.e0.sel1.r1.sem789:# 2113.000000  0  5
f1.pc.06.pm.0.e0.sel1.r1.sem888:# 2381.000000  0  10
f1.pc.06.pm.0.e0.sel1.r1.sem900:# 2050.000000  0  97
f1.pc.06.pm.0.e0.sel1.r2.sem10:# 2009.000000  0  0
f1.pc.06.pm.0.e0.sel1.r2.sem112:# 1865.000000  0  0
f1.pc.06.pm.0.e0.sel1.r2.sem122:# 2180.000000  0  0
f1.pc.06.pm.0.e0.sel1.r2.sem1534:# 2050.000000  0  391
f1.pc.06.pm.0.e0.sel1.r2.sem163:# 2137.000000  0  0
f1.pc.06.pm.0.e0.sel1.r2.sem178:# 2305.000000  0  659
f1.pc.06.pm.0.e0.sel1.r2.sem34:# 2113.000000  0  0
f1.pc.06.pm.0.e0.sel1.r2.sem354123:# 1684.000000  0  231
f1.pc.06.pm.0.e0.sel1.r2.sem376254:# 1873.000000  0  773
f1.pc.06.pm.0.e0.sel1.r2.sem4223:# 2125.000000  0  136
f1.pc.06.pm.0.e0.sel1.r2.sem43:# 1873.000000  0  589
f1.pc.06.pm.0.e0.sel1.r2.sem463:# 2385.000000  0  275
f1.pc.06.pm.0.e0.sel1.r2.sem5143:# 2385.000000  0  814
f1.pc.06.pm.0.e0.sel1.r2.sem53:# 1873.000000  0  749
f1.pc.06.pm.0.e0.sel1.r2.sem666:# 2245.000000  0  809
f1.pc.06.pm.0.e0.sel1.r2.sem74263:# 2180.000000  0  790
f1.pc.06.pm.0.e0.sel1.r2.sem786:# 2186.000000  0  375
f1.pc.06.pm.0.e0.sel1.r2.sem7876:# 1924.000000  0  80
f1.pc.06.pm.0.e0.sel1.r2.sem789:# 2125.000000  0  832
f1.pc.06.pm.0.e0.sel1.r2.sem888:# 1997.000000  0  978
f1.pc.06.pm.0.e0.sel1.r2.sem900:# 2080.000000  0  200
f1.pc.06.pm.0.e0.sel2.r1.sem10:# 2009.000000  0  0
f1.pc.06.pm.0.e0.sel2.r1.sem112:# 2314.000000  0  20
f1.pc.06.pm.0.e0.sel2.r1.sem122:# 2180.000000  0  0
f1.pc.06.pm.0.e0.sel2.r1.sem1534:# 1985.000000  0  0
f1.pc.06.pm.0.e0.sel2.r1.sem163:# 2137.000000  0  0
f1.pc.06.pm.0.e0.sel2.r1.sem178:# 2594.000000  0  14
f1.pc.06.pm.0.e0.sel2.r1.sem34:# 2385.000000  0  11
f1.pc.06.pm.0.e0.sel2.r1.sem354123:# 1985.000000  0  12
f1.pc.06.pm.0.e0.sel2.r1.sem376254:# 1930.000000  0  4
f1.pc.06.pm.0.e0.sel2.r1.sem4223:# 2245.000000  0  10
f1.pc.06.pm.0.e0.sel2.r1.sem43:# 2137.000000  0  10
f1.pc.06.pm.0.e0.sel2.r1.sem463:# 2545.000000  0  19
f1.pc.06.pm.0.e0.sel2.r1.sem5143:# 2180.000000  0  12
f1.pc.06.pm.0.e0.sel2.r1.sem53:# 2050.000000  0  9
f1.pc.06.pm.0.e0.sel2.r1.sem666:# 2257.000000  0  9
f1.pc.06.pm.0.e0.sel2.r1.sem74263:# 2125.000000  0  8
f1.pc.06.pm.0.e0.sel2.r1.sem786:# 2113.000000  0  4
f1.pc.06.pm.0.e0.sel2.r1.sem7876:# 2048.000000  0  16
f1.pc.06.pm.0.e0.sel2.r1.sem789:# 2677.000000  0  8
f1.pc.06.pm.0.e0.sel2.r1.sem888:# 2314.000000  0  7
f1.pc.06.pm.0.e0.sel2.r1.sem900:# 2450.000000  0  14
f1.pc.06.pm.0.e0.sel2.r2.sem10:# 2113.000000  0  249
f1.pc.06.pm.0.e0.sel2.r2.sem112:# 2180.000000  0  42
f1.pc.06.pm.0.e0.sel2.r2.sem122:# 2180.000000  0  0
f1.pc.06.pm.0.e0.sel2.r2.sem1534:# 2113.000000  0  157
f1.pc.06.pm.0.e0.sel2.r2.sem163:# 2196.000000  0  300
f1.pc.06.pm.0.e0.sel2.r2.sem178:# 2125.000000  0  201
f1.pc.06.pm.0.e0.sel2.r2.sem34:# 2113.000000  0  0
f1.pc.06.pm.0.e0.sel2.r2.sem354123:# 1922.000000  0  50
f1.pc.06.pm.0.e0.sel2.r2.sem376254:# 2249.000000  0  737
f1.pc.06.pm.0.e0.sel2.r2.sem4223:# 2225.000000  0  95
f1.pc.06.pm.0.e0.sel2.r2.sem43:# 1972.000000  0  469
f1.pc.06.pm.0.e0.sel2.r2.sem463:# 2320.000000  0  0
f1.pc.06.pm.0.e0.sel2.r2.sem5143:# 1972.000000  0  610
f1.pc.06.pm.0.e0.sel2.r2.sem53:# 1873.000000  0  95
f1.pc.06.pm.0.e0.sel2.r2.sem666:# 2025.000000  0  0
f1.pc.06.pm.0.e0.sel2.r2.sem74263:# 2180.000000  0  70
f1.pc.06.pm.0.e0.sel2.r2.sem786:# 2009.000000  0  87
f1.pc.06.pm.0.e0.sel2.r2.sem7876:# 1865.000000  0  117
f1.pc.06.pm.0.e0.sel2.r2.sem789:# 2056.000000  0  0
f1.pc.06.pm.0.e0.sel2.r2.sem888:# 1865.000000  0  47
f1.pc.06.pm.0.e0.sel2.r2.sem900:# 2056.000000  0  97
f1.pc.06.pm.0.e1.sel1.r1.sem10:# 2314.000000  0  5
f1.pc.06.pm.0.e1.sel1.r1.sem112:# 2249.000000  0  20
f1.pc.06.pm.0.e1.sel1.r1.sem122:# 2677.000000  0  86
f1.pc.06.pm.0.e1.sel1.r1.sem1534:# 2521.000000  0  34
f1.pc.06.pm.0.e1.sel1.r1.sem163:# 2890.000000  0  32
f1.pc.06.pm.0.e1.sel1.r1.sem178:# 2381.000000  0  15
f1.pc.06.pm.0.e1.sel1.r1.sem34:# 2113.000000  0  0
f1.pc.06.pm.0.e1.sel1.r1.sem354123:# 2056.000000  0  37
f1.pc.06.pm.0.e1.sel1.r1.sem376254:# 2525.000000  0  55
f1.pc.06.pm.0.e1.sel1.r1.sem4223:# 2813.000000  0  37
f1.pc.06.pm.0.e1.sel1.r1.sem43:# 1930.000000  0  13
f1.pc.06.pm.0.e1.sel1.r1.sem463:# 2385.000000  0  12
f1.pc.06.pm.0.e1.sel1.r1.sem5143:# 2594.000000  0  62
f1.pc.06.pm.0.e1.sel1.r1.sem53:# 2384.000000  0  93
f1.pc.06.pm.0.e1.sel1.r1.sem666:# 2385.000000  0  5
f1.pc.06.pm.0.e1.sel1.r1.sem74263:# 2048.000000  0  12
f1.pc.06.pm.0.e1.sel1.r1.sem786:# 2320.000000  0  29
f1.pc.06.pm.0.e1.sel1.r1.sem7876:# 2594.000000  0  53
f1.pc.06.pm.0.e1.sel1.r1.sem789:# 2740.000000  0  77
f1.pc.06.pm.0.e1.sel1.r1.sem888:# 1954.000000  0  14
f1.pc.06.pm.0.e1.sel1.r1.sem900:# 2153.000000  0  23
f1.pc.06.pm.0.e1.sel1.r2.sem10:# 2249.000000  0  19
f1.pc.06.pm.0.e1.sel1.r2.sem112:# 1865.000000  0  0
f1.pc.06.pm.0.e1.sel1.r2.sem122:# 2180.000000  0  0
f1.pc.06.pm.0.e1.sel1.r2.sem1534:# 1985.000000  0  0
f1.pc.06.pm.0.e1.sel1.r2.sem163:# 2137.000000  0  0
f1.pc.06.pm.0.e1.sel1.r2.sem178:# 2080.000000  0  91
f1.pc.06.pm.0.e1.sel1.r2.sem34:# 2113.000000  0  0
f1.pc.06.pm.0.e1.sel1.r2.sem354123:# 1802.000000  0  78
f1.pc.06.pm.0.e1.sel1.r2.sem376254:# 1930.000000  0  23
f1.pc.06.pm.0.e1.sel1.r2.sem4223:# 1954.000000  0  0
f1.pc.06.pm.0.e1.sel1.r2.sem43:# 1741.000000  0  22
f1.pc.06.pm.0.e1.sel1.r2.sem463:# 2320.000000  0  0
f1.pc.06.pm.0.e1.sel1.r2.sem5143:# 2080.000000  0  83
f1.pc.06.pm.0.e1.sel1.r2.sem53:# 1714.000000  0  0
f1.pc.06.pm.0.e1.sel1.r2.sem666:# 2196.000000  0  45
f1.pc.06.pm.0.e1.sel1.r2.sem74263:# 1865.000000  0  0
f1.pc.06.pm.0.e1.sel1.r2.sem786:# 1940.000000  0  18
f1.pc.06.pm.0.e1.sel1.r2.sem7876:# 1985.000000  0  21
f1.pc.06.pm.0.e1.sel1.r2.sem789:# 2056.000000  0  0
f1.pc.06.pm.0.e1.sel1.r2.sem888:# 1714.000000  0  0
f1.pc.06.pm.0.e1.sel1.r2.sem900:# 2080.000000  0  168
f1.pc.06.pm.0.e1.sel2.r1.sem10:# 2249.000000  0  5
f1.pc.06.pm.0.e1.sel2.r1.sem112:# 2117.000000  0  5
f1.pc.06.pm.0.e1.sel2.r1.sem122:# 2249.000000  0  5
f1.pc.06.pm.0.e1.sel2.r1.sem1534:# 2050.000000  0  4
f1.pc.06.pm.0.e1.sel2.r1.sem163:# 2362.000000  0  7
f1.pc.06.pm.0.e1.sel2.r1.sem178:# 2594.000000  0  4
f1.pc.06.pm.0.e1.sel2.r1.sem34:# 2458.000000  0  8
f1.pc.06.pm.0.e1.sel2.r1.sem354123:# 1865.000000  0  3
f1.pc.06.pm.0.e1.sel2.r1.sem376254:# 2245.000000  0  11
f1.pc.06.pm.0.e1.sel2.r1.sem4223:# 2330.000000  0  7
f1.pc.06.pm.0.e1.sel2.r1.sem43:# 1994.000000  0  8
f1.pc.06.pm.0.e1.sel2.r1.sem463:# 2320.000000  0  0
f1.pc.06.pm.0.e1.sel2.r1.sem5143:# 1972.000000  0  4
f1.pc.06.pm.0.e1.sel2.r1.sem53:# 1989.000000  0  9
f1.pc.06.pm.0.e1.sel2.r1.sem666:# 2025.000000  0  0
f1.pc.06.pm.0.e1.sel2.r1.sem74263:# 2245.000000  0  13
f1.pc.06.pm.0.e1.sel2.r1.sem786:# 1940.000000  0  4
f1.pc.06.pm.0.e1.sel2.r1.sem7876:# 1861.000000  0  0
f1.pc.06.pm.0.e1.sel2.r1.sem789:# 2056.000000  0  0
f1.pc.06.pm.0.e1.sel2.r1.sem888:# 2385.000000  0  17
f1.pc.06.pm.0.e1.sel2.r1.sem900:# 2186.000000  0  8
f1.pc.06.pm.0.e1.sel2.r2.sem10:# 2186.000000  0  18
f1.pc.06.pm.0.e1.sel2.r2.sem112:# 1865.000000  0  0
f1.pc.06.pm.0.e1.sel2.r2.sem122:# 2180.000000  0  0
f1.pc.06.pm.0.e1.sel2.r2.sem1534:# 1985.000000  0  0
f1.pc.06.pm.0.e1.sel2.r2.sem163:# 2257.000000  0  29
f1.pc.06.pm.0.e1.sel2.r2.sem178:# 2009.000000  0  0
f1.pc.06.pm.0.e1.sel2.r2.sem34:# 2113.000000  0  0
f1.pc.06.pm.0.e1.sel2.r2.sem354123:# 1649.000000  0  0
f1.pc.06.pm.0.e1.sel2.r2.sem376254:# 1818.000000  0  0
f1.pc.06.pm.0.e1.sel2.r2.sem4223:# 1954.000000  0  0
f1.pc.06.pm.0.e1.sel2.r2.sem43:# 1625.000000  0  0
f1.pc.06.pm.0.e1.sel2.r2.sem463:# 2320.000000  0  0
f1.pc.06.pm.0.e1.sel2.r2.sem5143:# 1872.000000  0  0
f1.pc.06.pm.0.e1.sel2.r2.sem53:# 1818.000000  0  33
f1.pc.06.pm.0.e1.sel2.r2.sem666:# 2178.000000  0  19
f1.pc.06.pm.0.e1.sel2.r2.sem74263:# 1865.000000  0  0
f1.pc.06.pm.0.e1.sel2.r2.sem786:# 1781.000000  0  0
f1.pc.06.pm.0.e1.sel2.r2.sem7876:# 1861.000000  0  0
f1.pc.06.pm.0.e1.sel2.r2.sem789:# 2056.000000  0  0
f1.pc.06.pm.0.e1.sel2.r2.sem888:# 1714.000000  0  0
f1.pc.06.pm.0.e1.sel2.r2.sem900:# 2009.000000  0  0
f1.pc.06.pm.1.e0.sel1.r1.sem10:# 2725.000000  0  159
f1.pc.06.pm.1.e0.sel1.r1.sem112:# 2610.000000  0  199
f1.pc.06.pm.1.e0.sel1.r1.sem122:# 2592.000000  0  456
f1.pc.06.pm.1.e0.sel1.r1.sem1534:# 3208.000000  0  214
f1.pc.06.pm.1.e0.sel1.r1.sem163:# 2746.000000  0  235
f1.pc.06.pm.1.e0.sel1.r1.sem178:# 2669.000000  0  918
f1.pc.06.pm.1.e0.sel1.r1.sem34:# 2689.000000  0  840
f1.pc.06.pm.1.e0.sel1.r1.sem354123:# 2669.000000  0  505
f1.pc.06.pm.1.e0.sel1.r1.sem376254:# 2533.000000  0  355
f1.pc.06.pm.1.e0.sel1.r1.sem4223:# 2600.000000  0  629
f1.pc.06.pm.1.e0.sel1.r1.sem43:# 2594.000000  0  129
f1.pc.06.pm.1.e0.sel1.r1.sem463:# 2664.000000  0  58
f1.pc.06.pm.1.e0.sel1.r1.sem5143:# 2837.000000  0  2
f1.pc.06.pm.1.e0.sel1.r1.sem53:# 2677.000000  0  611
f1.pc.06.pm.1.e0.sel1.r1.sem666:# 2669.000000  0  227
f1.pc.06.pm.1.e0.sel1.r1.sem74263:# 2594.000000  0  402
f1.pc.06.pm.1.e0.sel1.r1.sem786:# 2740.000000  0  441
f1.pc.06.pm.1.e0.sel1.r1.sem7876:# 2665.000000  0  842
f1.pc.06.pm.1.e0.sel1.r1.sem789:# 2705.000000  0  195
f1.pc.06.pm.1.e0.sel1.r1.sem888:# 2633.000000  0  199
f1.pc.06.pm.1.e0.sel1.r1.sem900:# 2825.000000  0  458
f1.pc.06.pm.1.e0.sel1.r2.sem10:# 2269.000000  0  829
f1.pc.06.pm.1.e0.sel1.r2.sem112:# 2269.000000  0  684
f1.pc.06.pm.1.e0.sel1.r2.sem122:# 2180.000000  0  0
f1.pc.06.pm.1.e0.sel1.r2.sem1534:# 2228.000000  0  766
f1.pc.06.pm.1.e0.sel1.r2.sem163:# 2314.000000  0  534
f1.pc.06.pm.1.e0.sel1.r2.sem178:# 2269.000000  0  639
f1.pc.06.pm.1.e0.sel1.r2.sem34:# 2180.000000  0  468
f1.pc.06.pm.1.e0.sel1.r2.sem354123:# 2125.000000  0  904
f1.pc.06.pm.1.e0.sel1.r2.sem376254:# 2056.000000  0  953
f1.pc.06.pm.1.e0.sel1.r2.sem4223:# 2393.000000  0  347
f1.pc.06.pm.1.e0.sel1.r2.sem43:# 2385.000000  0  782
f1.pc.06.pm.1.e0.sel1.r2.sem463:# 2320.000000  0  0
f1.pc.06.pm.1.e0.sel1.r2.sem5143:# 2269.000000  0  498
f1.pc.06.pm.1.e0.sel1.r2.sem53:# 2381.000000  0  231
f1.pc.06.pm.1.e0.sel1.r2.sem666:# 2533.000000  0  81
f1.pc.06.pm.1.e0.sel1.r2.sem74263:# 2249.000000  0  312
f1.pc.06.pm.1.e0.sel1.r2.sem786:# 2468.000000  0  300
f1.pc.06.pm.1.e0.sel1.r2.sem7876:# 2421.000000  0  462
f1.pc.06.pm.1.e0.sel1.r2.sem789:# 2249.000000  0  945
f1.pc.06.pm.1.e0.sel1.r2.sem888:# 2450.000000  0  597
f1.pc.06.pm.1.e0.sel1.r2.sem900:# 2186.000000  0  939
f1.pc.06.pm.1.e0.sel2.r1.sem10:# 2837.000000  0  319
f1.pc.06.pm.1.e0.sel2.r1.sem112:# 2969.000000  0  166
f1.pc.06.pm.1.e0.sel2.r1.sem122:# 3133.000000  0  192
f1.pc.06.pm.1.e0.sel2.r1.sem1534:# 2969.000000  0  748
f1.pc.06.pm.1.e0.sel2.r1.sem163:# 2896.000000  0  494
f1.pc.06.pm.1.e0.sel2.r1.sem178:# 2920.000000  0  36
f1.pc.06.pm.1.e0.sel2.r1.sem34:# 2817.000000  0  693
f1.pc.06.pm.1.e0.sel2.r1.sem354123:# 2896.000000  0  291
f1.pc.06.pm.1.e0.sel2.r1.sem376254:# 2969.000000  0  737
f1.pc.06.pm.1.e0.sel2.r1.sem4223:# 2890.000000  0  128
f1.pc.06.pm.1.e0.sel2.r1.sem43:# 2897.000000  0  487
f1.pc.06.pm.1.e0.sel2.r1.sem463:# 3044.000000  0  599
f1.pc.06.pm.1.e0.sel2.r1.sem5143:# 2969.000000  0  723
f1.pc.06.pm.1.e0.sel2.r1.sem53:# 2965.000000  0  452
f1.pc.06.pm.1.e0.sel2.r1.sem666:# 2890.000000  0  366
f1.pc.06.pm.1.e0.sel2.r1.sem74263:# 2896.000000  0  990
f1.pc.06.pm.1.e0.sel2.r1.sem786:# 2853.000000  0  477
f1.pc.06.pm.1.e0.sel2.r1.sem7876:# 2817.000000  0  825
f1.pc.06.pm.1.e0.sel2.r1.sem789:# 2977.000000  0  14
f1.pc.06.pm.1.e0.sel2.r1.sem888:# 2969.000000  0  105
f1.pc.06.pm.1.e0.sel2.r1.sem900:# 2896.000000  0  770
f1.pc.06.pm.1.e0.sel2.r2.sem10:# 2269.000000  0  399
f1.pc.06.pm.1.e0.sel2.r2.sem112:# 2561.000000  0  773
f1.pc.06.pm.1.e0.sel2.r2.sem122:# 2330.000000  0  336
f1.pc.06.pm.1.e0.sel2.r2.sem1534:# 2525.000000  0  773
f1.pc.06.pm.1.e0.sel2.r2.sem163:# 2813.000000  0  496
f1.pc.06.pm.1.e0.sel2.r2.sem178:# 2610.000000  0  618
f1.pc.06.pm.1.e0.sel2.r2.sem34:# 2525.000000  0  459
f1.pc.06.pm.1.e0.sel2.r2.sem354123:# 2452.000000  0  596
f1.pc.06.pm.1.e0.sel2.r2.sem376254:# 2677.000000  0  736
f1.pc.06.pm.1.e0.sel2.r2.sem4223:# 2385.000000  0  927
f1.pc.06.pm.1.e0.sel2.r2.sem43:# 2452.000000  0  988
f1.pc.06.pm.1.e0.sel2.r2.sem463:# 2385.000000  0  630
f1.pc.06.pm.1.e0.sel2.r2.sem5143:# 2594.000000  0  886
f1.pc.06.pm.1.e0.sel2.r2.sem53:# 2393.000000  0  884
f1.pc.06.pm.1.e0.sel2.r2.sem666:# 2330.000000  0  472
f1.pc.06.pm.1.e0.sel2.r2.sem74263:# 2592.000000  0  416
f1.pc.06.pm.1.e0.sel2.r2.sem786:# 2305.000000  0  771
f1.pc.06.pm.1.e0.sel2.r2.sem7876:# 2677.000000  0  955
f1.pc.06.pm.1.e0.sel2.r2.sem789:# 2533.000000  0  304
f1.pc.06.pm.1.e0.sel2.r2.sem888:# 2521.000000  0  298
f1.pc.06.pm.1.e0.sel2.r2.sem900:# 2452.000000  0  608
f1.pc.06.pm.1.e1.sel1.r1.sem10:# 3904.000000  0  997
f1.pc.06.pm.1.e1.sel1.r1.sem112:# 3973.000000  0  701
f1.pc.06.pm.1.e1.sel1.r1.sem122:# 3985.000000  0  646
f1.pc.06.pm.1.e1.sel1.r1.sem1534:# 3874.000000  0  976
f1.pc.06.pm.1.e1.sel1.r1.sem163:# 3880.000000  0  773
f1.pc.06.pm.1.e1.sel1.r1.sem178:# 3797.000000  0  528
f1.pc.06.pm.1.e1.sel1.r1.sem34:# 3748.000000  0  801
f1.pc.06.pm.1.e1.sel1.r1.sem354123:# 4153.000000  0  383
f1.pc.06.pm.1.e1.sel1.r1.sem376254:# 3890.000000  0  922
f1.pc.06.pm.1.e1.sel1.r1.sem4223:# 4068.000000  0  989
f1.pc.06.pm.1.e1.sel1.r1.sem43:# 3700.000000  0  989
f1.pc.06.pm.1.e1.sel1.r1.sem463:# 4058.000000  0  1000
f1.pc.06.pm.1.e1.sel1.r1.sem5143:# 3797.000000  0  978
f1.pc.06.pm.1.e1.sel1.r1.sem53:# 3797.000000  0  993
f1.pc.06.pm.1.e1.sel1.r1.sem666:# 3785.000000  0  625
f1.pc.06.pm.1.e1.sel1.r1.sem74263:# 3700.000000  0  874
f1.pc.06.pm.1.e1.sel1.r1.sem786:# 3809.000000  0  955
f1.pc.06.pm.1.e1.sel1.r1.sem7876:# 3973.000000  0  825
f1.pc.06.pm.1.e1.sel1.r1.sem789:# 4068.000000  0  718
f1.pc.06.pm.1.e1.sel1.r1.sem888:# 3874.000000  0  595
f1.pc.06.pm.1.e1.sel1.r1.sem900:# 4050.000000  0  850
f1.pc.06.pm.1.e1.sel1.r2.sem10:# 3457.000000  0  773
f1.pc.06.pm.1.e1.sel1.r2.sem112:# 3208.000000  0  961
f1.pc.06.pm.1.e1.sel1.r2.sem122:# 3785.000000  0  652
f1.pc.06.pm.1.e1.sel1.r2.sem1534:# 3232.000000  0  964
f1.pc.06.pm.1.e1.sel1.r2.sem163:# 3380.000000  0  977
f1.pc.06.pm.1.e1.sel1.r2.sem178:# 3505.000000  0  923
f1.pc.06.pm.1.e1.sel1.r2.sem34:# 3546.000000  0  997
f1.pc.06.pm.1.e1.sel1.r2.sem354123:# 3485.000000  0  895
f1.pc.06.pm.1.e1.sel1.r2.sem376254:# 3578.000000  0  877
f1.pc.06.pm.1.e1.sel1.r2.sem4223:# 3364.000000  0  816
f1.pc.06.pm.1.e1.sel1.r2.sem43:# 3092.000000  0  789
f1.pc.06.pm.1.e1.sel1.r2.sem463:# 3370.000000  0  796
f1.pc.06.pm.1.e1.sel1.r2.sem5143:# 3218.000000  0  954
f1.pc.06.pm.1.e1.sel1.r2.sem53:# 3232.000000  0  823
f1.pc.06.pm.1.e1.sel1.r2.sem666:# 3394.000000  0  852
f1.pc.06.pm.1.e1.sel1.r2.sem74263:# 3546.000000  0  758
f1.pc.06.pm.1.e1.sel1.r2.sem786:# 3528.000000  0  483
f1.pc.06.pm.1.e1.sel1.r2.sem7876:# 3536.000000  0  985
f1.pc.06.pm.1.e1.sel1.r2.sem789:# 3445.000000  0  847
f1.pc.06.pm.1.e1.sel1.r2.sem888:# 3716.000000  0  728
f1.pc.06.pm.1.e1.sel1.r2.sem900:# 3789.000000  0  957
f1.pc.06.pm.1.e1.sel2.r1.sem10:# 3880.000000  0  966
f1.pc.06.pm.1.e1.sel2.r1.sem112:# 3965.000000  0  610
f1.pc.06.pm.1.e1.sel2.r1.sem122:# 3785.000000  0  668
f1.pc.06.pm.1.e1.sel2.r1.sem1534:# 4234.000000  0  670
f1.pc.06.pm.1.e1.sel2.r1.sem163:# 3973.000000  0  837
f1.pc.06.pm.1.e1.sel2.r1.sem178:# 3797.000000  0  961
f1.pc.06.pm.1.e1.sel2.r1.sem34:# 3797.000000  0  647
f1.pc.06.pm.1.e1.sel2.r1.sem354123:# 3961.000000  0  772
f1.pc.06.pm.1.e1.sel2.r1.sem376254:# 4052.000000  0  834
f1.pc.06.pm.1.e1.sel2.r1.sem4223:# 3874.000000  0  987
f1.pc.06.pm.1.e1.sel2.r1.sem43:# 3985.000000  0  522
f1.pc.06.pm.1.e1.sel2.r1.sem463:# 3872.000000  0  908
f1.pc.06.pm.1.e1.sel2.r1.sem5143:# 3880.000000  0  696
f1.pc.06.pm.1.e1.sel2.r1.sem53:# 4052.000000  0  689
f1.pc.06.pm.1.e1.sel2.r1.sem666:# 3874.000000  0  897
f1.pc.06.pm.1.e1.sel2.r1.sem74263:# 4050.000000  0  833
f1.pc.06.pm.1.e1.sel2.r1.sem786:# 3789.000000  0  982
f1.pc.06.pm.1.e1.sel2.r1.sem7876:# 3797.000000  0  787
f1.pc.06.pm.1.e1.sel2.r1.sem789:# 3904.000000  0  745
f1.pc.06.pm.1.e1.sel2.r1.sem888:# 4234.000000  0  789
f1.pc.06.pm.1.e1.sel2.r1.sem900:# 4264.000000  0  850
f1.pc.06.pm.1.e1.sel2.r2.sem10:# 3457.000000  0  615
f1.pc.06.pm.1.e1.sel2.r2.sem112:# 3469.000000  0  907
f1.pc.06.pm.1.e1.sel2.r2.sem122:# 3370.000000  0  479
f1.pc.06.pm.1.e1.sel2.r2.sem1534:# 3637.000000  0  951
f1.pc.06.pm.1.e1.sel2.r2.sem163:# 3530.000000  0  861
f1.pc.06.pm.1.e1.sel2.r2.sem178:# 3250.000000  0  964
f1.pc.06.pm.1.e1.sel2.r2.sem34:# 3546.000000  0  786
f1.pc.06.pm.1.e1.sel2.r2.sem354123:# 3578.000000  0  944
f1.pc.06.pm.1.e1.sel2.r2.sem376254:# 3305.000000  0  592
f1.pc.06.pm.1.e1.sel2.r2.sem4223:# 3617.000000  0  946
f1.pc.06.pm.1.e1.sel2.r2.sem43:# 3449.000000  0  761
f1.pc.06.pm.1.e1.sel2.r2.sem463:# 3748.000000  0  873
f1.pc.06.pm.1.e1.sel2.r2.sem5143:# 3530.000000  0  999
f1.pc.06.pm.1.e1.sel2.r2.sem53:# 3785.000000  0  988
f1.pc.06.pm.1.e1.sel2.r2.sem666:# 3530.000000  0  900
f1.pc.06.pm.1.e1.sel2.r2.sem74263:# 3698.000000  0  982
f1.pc.06.pm.1.e1.sel2.r2.sem786:# 3449.000000  0  962
f1.pc.06.pm.1.e1.sel2.r2.sem7876:# 3305.000000  0  740
f1.pc.06.pm.1.e1.sel2.r2.sem789:# 3380.000000  0  924
f1.pc.06.pm.1.e1.sel2.r2.sem888:# 3272.000000  0  860
f1.pc.06.pm.1.e1.sel2.r2.sem900:# 3706.000000  0  989
