
1 252 0.633214  Position:  -0.533483 -49.900269
2 10008 1.000000  Position:  -50.000000 50.000000
3 240 0.743700  Position:  -0.484656 -50.259044
4 10008 1.000000  Position:  -50.000000 50.000000
5 10008 1.000000  Position:  -50.000000 50.000000
6 10008 1.000000  Position:  -50.000000 50.000000
7 216 0.799911  Position:  -0.028175 -49.228264
8 10008 2.000000  Position:  50.000000 50.000000
9 204 0.272313  Position:  -0.165330 -50.106983
10 456 0.497861  Position:  0.035548 -49.537687
11 600 0.387664  Position:  -0.269548 -50.118117
12 216 0.640647  Position:  0.214550 -49.573904
13 240 0.323462  Position:  0.200041 -49.876579
14 240 0.446112  Position:  -0.237301 -50.208811
15 252 0.740317  Position:  0.040575 -50.699742
16 10008 1.000000  Position:  -50.000000 50.000000
17 96 0.882806  Position:  0.008402 -49.125596
18 624 0.476664  Position:  0.132916 -50.343748
19 10008 1.000000  Position:  -50.000000 50.000000
20 10008 1.000000  Position:  -50.000000 50.000000
21 10008 1.000000  Position:  -50.000000 50.000000
22 240 0.840091  Position:  -0.187881 -50.652210
23 300 0.554038  Position:  -0.074478 -49.520440
24 276 0.561795  Position:  0.329124 -50.232671
25 252 0.605462  Position:  -0.189573 -50.415889
26 10008 1.000000  Position:  -50.000000 50.000000
27 384 0.885481  Position:  0.040105 -50.845377
28 10008 1.000000  Position:  -50.000000 50.000000
29 216 0.731874  Position:  0.439020 -49.707146
30 288 0.665196  Position:  0.150417 -49.485222
31 168 0.524825  Position:  0.117734 -49.592908
32 84 0.730647  Position:  0.489586 -49.758939
33 372 0.541863  Position:  -0.352441 -49.810578
34 180 0.574814  Position:  -0.290919 -50.283895
35 300 0.694461  Position:  0.308621 -50.385841
36 10008 1.000000  Position:  -50.000000 50.000000
37 324 0.815013  Position:  0.138106 -50.676907
38 10008 1.000000  Position:  -50.000000 50.000000
39 588 0.542728  Position:  0.526240 -50.016488
40 10008 1.000000  Position:  -50.000000 50.000000
41 10008 1.000000  Position:  -50.000000 50.000000
42 10008 1.000000  Position:  -50.000000 50.000000
43 10008 1.000000  Position:  -50.000000 50.000000
44 7224 0.530209  Position:  0.417730 -49.887521
45 156 0.487232  Position:  0.022305 -49.535072
46 216 0.804682  Position:  0.044436 -49.239754
47 420 0.657649  Position:  -0.482577 -49.824928
48 10008 1.000000  Position:  -50.000000 50.000000
49 10008 1.000000  Position:  -50.000000 50.000000
50 10008 1.000000  Position:  -50.000000 50.000000
51 10008 1.000000  Position:  -50.000000 50.000000
52 1932 0.897957  Position:  -0.560332 -49.662375
53 10008 1.000000  Position:  -50.000000 50.000000
54 10008 1.000000  Position:  -50.000000 50.000000
55 156 0.575965  Position:  0.570157 -50.005808
56 552 0.591943  Position:  -0.423594 -50.168349
57 300 0.847910  Position:  0.039958 -49.192048
58 372 0.624998  Position:  0.520155 -49.895157
59 204 0.735916  Position:  -0.542252 -49.806336
60 312 0.819605  Position:  0.110884 -49.291279
61 10008 1.000000  Position:  -50.000000 50.000000
62 10008 1.000000  Position:  -50.000000 50.000000
63 324 0.482569  Position:  0.469422 -49.986854
64 10008 1.000000  Position:  -50.000000 50.000000
65 10008 1.000000  Position:  -50.000000 50.000000
66 10008 1.000000  Position:  -50.000000 50.000000
67 492 0.583615  Position:  0.160101 -49.576486
68 168 0.188252  Position:  -0.187291 -49.999039
69 1512 0.405179  Position:  0.389753 -50.015425
70 10008 1.000000  Position:  -50.000000 50.000000
71 10008 2.000000  Position:  50.000000 50.000000
72 10008 1.000000  Position:  -50.000000 50.000000
73 144 0.340318  Position:  -0.108794 -50.231524
74 216 0.520685  Position:  0.247544 -50.273141
75 4884 0.793089  Position:  0.504703 -50.288386
76 10008 1.000000  Position:  -50.000000 50.000000
77 192 0.498864  Position:  0.010133 -49.511269
78 132 0.548446  Position:  0.037416 -49.488970
79 10008 1.000000  Position:  -50.000000 50.000000
80 240 0.432368  Position:  0.078936 -49.646568
81 10008 2.000000  Position:  50.000000 50.000000
82 120 0.590126  Position:  -0.336334 -49.746207
83 288 0.870455  Position:  -0.576643 -50.293812
84 2376 0.284271  Position:  -0.181885 -49.897614
85 324 0.841645  Position:  0.457853 -49.616208
86 180 0.388186  Position:  0.146820 -50.241366
87 648 0.471370  Position:  0.249747 -49.778377
88 288 0.754216  Position:  0.332301 -49.578085
89 10008 1.000000  Position:  -50.000000 50.000000
90 216 0.451316  Position:  0.042742 -50.408574
91 10008 1.000000  Position:  -50.000000 50.000000
92 288 0.510966  Position:  0.435337 -49.924371
93 10008 1.000000  Position:  -50.000000 50.000000
94 10008 1.000000  Position:  -50.000000 50.000000
95 10008 2.000000  Position:  50.000000 50.000000
96 576 0.207282  Position:  0.108906 -50.098376
97 300 0.635808  Position:  0.084544 -50.551265
98 10008 1.000000  Position:  -50.000000 50.000000
99 1668 0.799817  Position:  0.655112 -49.855295
100 336 0.528583  Position:  -0.062066 -49.533483