  0	773.0000000	1288.4200000	2056.0000000
  1	773.0000000	1283.6200000	2056.0000000
  2	773.0000000	1288.1600000	2056.0000000
  3	773.0000000	1302.4400000	2056.0000000
  4	773.0000000	1316.9000000	2056.0000000
  5	773.0000000	1340.1800000	2056.0000000
  6	773.0000000	1370.8400000	2056.0000000
  7	773.0000000	1393.8800000	2056.0000000
  8	773.0000000	1422.4400000	2056.0000000
  9	773.0000000	1448.9000000	2056.0000000
 10	773.0000000	1445.0600000	2056.0000000
 11	773.0000000	1461.2800000	2056.0000000
 12	773.0000000	1459.3000000	2056.0000000
 13	773.0000000	1479.6400000	2056.0000000
 14	773.0000000	1502.2800000	2249.0000000
 15	773.0000000	1511.9000000	2249.0000000
 16	773.0000000	1504.2800000	2249.0000000
 17	773.0000000	1535.3000000	2249.0000000
 18	773.0000000	1539.8200000	2249.0000000
 19	773.0000000	1557.1200000	2249.0000000
 20	773.0000000	1595.0400000	2249.0000000
 21	773.0000000	1598.0600000	2249.0000000
 22	773.0000000	1598.1400000	2249.0000000
 23	773.0000000	1627.2000000	2249.0000000
 24	832.0000000	1655.3800000	2249.0000000
 25	832.0000000	1644.3800000	2249.0000000
 26	832.0000000	1658.9800000	2249.0000000
 27	832.0000000	1649.8800000	2249.0000000
 28	832.0000000	1663.8000000	2249.0000000
 29	832.0000000	1679.7000000	2249.0000000
 30	832.0000000	1682.5000000	2249.0000000
 31	832.0000000	1678.4800000	2249.0000000
 32	832.0000000	1725.0800000	2249.0000000
 33	832.0000000	1742.2800000	2249.0000000
 34	832.0000000	1761.4000000	2249.0000000
 35	832.0000000	1775.6000000	2249.0000000
 36	832.0000000	1766.6200000	2249.0000000
 37	832.0000000	1760.0000000	2249.0000000
 38	832.0000000	1756.2600000	2249.0000000
 39	832.0000000	1770.8400000	2249.0000000
 40	832.0000000	1778.5200000	2249.0000000
 41	832.0000000	1788.5600000	2249.0000000
 42	832.0000000	1778.6400000	2249.0000000
 43	832.0000000	1782.3000000	2249.0000000
 44	832.0000000	1799.7200000	2249.0000000
 45	832.0000000	1811.7200000	2249.0000000
 46	832.0000000	1836.1000000	2249.0000000
 47	832.0000000	1835.1400000	2249.0000000
 48	925.0000000	1860.8400000	2249.0000000
 49	925.0000000	1873.2200000	2249.0000000
 50	925.0000000	1891.1200000	2249.0000000
 51	925.0000000	1899.1000000	2249.0000000
 52	925.0000000	1900.4400000	2249.0000000
 53	925.0000000	1920.7000000	2249.0000000
 54	925.0000000	1915.9400000	2249.0000000
 55	925.0000000	1908.4200000	2249.0000000
 56	925.0000000	1905.7800000	2249.0000000
 57	925.0000000	1903.0600000	2249.0000000
 58	925.0000000	1910.6200000	2249.0000000
 59	925.0000000	1905.4200000	2249.0000000
 60	925.0000000	1930.3800000	2249.0000000
 61	925.0000000	1929.3600000	2249.0000000
 62	925.0000000	1937.2000000	2249.0000000
 63	925.0000000	1933.3400000	2249.0000000
 64	925.0000000	1944.6200000	2249.0000000
 65	925.0000000	1961.0400000	2249.0000000
 66	925.0000000	1954.6600000	2249.0000000
 67	925.0000000	1954.6600000	2249.0000000
 68	925.0000000	1976.4400000	2314.0000000
 69	925.0000000	1981.4000000	2314.0000000
 70	925.0000000	1981.4400000	2314.0000000
 71	925.0000000	1985.0200000	2314.0000000
 72	925.0000000	2027.0200000	2314.0000000
 73	925.0000000	2030.4400000	2314.0000000
 74	925.0000000	2029.0200000	2314.0000000
 75	925.0000000	2029.0200000	2314.0000000
 76	925.0000000	2041.7400000	2320.0000000
 77	925.0000000	2051.0000000	2320.0000000
 78	925.0000000	2052.4600000	2320.0000000
 79	925.0000000	2050.0200000	2320.0000000
 80	925.0000000	2044.9000000	2320.0000000
 81	925.0000000	2047.5000000	2320.0000000
 82	925.0000000	2048.1400000	2320.0000000
 83	925.0000000	2040.4600000	2320.0000000
 84	925.0000000	2037.0800000	2320.0000000
 85	925.0000000	2061.1200000	2320.0000000
 86	1165.0000000	2085.0800000	2320.0000000
 87	1165.0000000	2087.7200000	2320.0000000
 88	1165.0000000	2082.8400000	2320.0000000
 89	1165.0000000	2079.7600000	2320.0000000
 90	1165.0000000	2085.6600000	2320.0000000
 91	1165.0000000	2090.9800000	2320.0000000
 92	1165.0000000	2080.0000000	2320.0000000
 93	1165.0000000	2091.5800000	2320.0000000
 94	1165.0000000	2093.8200000	2320.0000000
 95	1165.0000000	2095.4800000	2320.0000000
 96	1165.0000000	2093.1200000	2320.0000000
 97	1165.0000000	2106.0200000	2320.0000000
 98	1165.0000000	2101.8800000	2320.0000000
 99	1165.0000000	2105.9000000	2320.0000000
100	1165.0000000	2100.8600000	2320.0000000
101	1165.0000000	2103.1000000	2320.0000000
102	1282.0000000	2118.2400000	2320.0000000
103	1282.0000000	2125.1400000	2330.0000000
104	1282.0000000	2121.2000000	2330.0000000
105	1282.0000000	2125.3000000	2330.0000000
106	1282.0000000	2128.4200000	2330.0000000
107	1282.0000000	2124.0800000	2330.0000000
108	1282.0000000	2121.7200000	2330.0000000
109	1282.0000000	2120.8600000	2330.0000000
110	1282.0000000	2131.5800000	2330.0000000
111	1282.0000000	2136.9800000	2330.0000000
112	1282.0000000	2143.5200000	2330.0000000
113	1282.0000000	2133.7600000	2330.0000000
114	1282.0000000	2135.5400000	2330.0000000
115	1282.0000000	2134.9200000	2330.0000000
116	1282.0000000	2137.2800000	2330.0000000
117	1282.0000000	2140.0400000	2330.0000000
118	1282.0000000	2130.9400000	2330.0000000
119	1282.0000000	2125.5400000	2330.0000000
120	1282.0000000	2126.9200000	2330.0000000
121	1282.0000000	2133.2200000	2330.0000000
122	1282.0000000	2138.8600000	2330.0000000
123	1282.0000000	2131.3400000	2330.0000000
124	1282.0000000	2144.6200000	2330.0000000
125	1282.0000000	2154.3800000	2330.0000000
126	1282.0000000	2152.5000000	2330.0000000
127	1282.0000000	2143.6800000	2330.0000000
128	1282.0000000	2137.2600000	2330.0000000
129	1282.0000000	2142.9000000	2330.0000000
130	1282.0000000	2152.6400000	2393.0000000
131	1282.0000000	2156.4200000	2393.0000000
132	1282.0000000	2152.5000000	2393.0000000
133	1282.0000000	2157.9400000	2393.0000000
134	1282.0000000	2160.5000000	2458.0000000
135	1741.0000000	2175.9000000	2458.0000000
136	1741.0000000	2191.0400000	2458.0000000
137	1741.0000000	2186.7000000	2458.0000000
138	1741.0000000	2197.3400000	2458.0000000
139	1741.0000000	2203.8400000	2458.0000000
140	1741.0000000	2205.7000000	2458.0000000
141	1741.0000000	2199.6800000	2458.0000000
142	1741.0000000	2198.2200000	2458.0000000
143	1741.0000000	2191.5600000	2458.0000000
144	1741.0000000	2194.5400000	2458.0000000
145	1741.0000000	2202.6200000	2458.0000000
146	1741.0000000	2209.0400000	2458.0000000
147	1741.0000000	2212.7000000	2458.0000000
148	1741.0000000	2230.9600000	2458.0000000
149	1741.0000000	2235.5000000	2458.0000000
150	1741.0000000	2237.4800000	2458.0000000
151	1741.0000000	2242.5600000	2458.0000000
152	1741.0000000	2243.8600000	2458.0000000
153	1741.0000000	2257.7800000	2825.0000000
154	1741.0000000	2272.9600000	2825.0000000
155	1741.0000000	2277.9000000	2825.0000000
156	1741.0000000	2281.2200000	2825.0000000
157	1741.0000000	2302.0000000	2825.0000000
158	1741.0000000	2303.8000000	2825.0000000
159	1741.0000000	2307.4600000	2825.0000000
160	1741.0000000	2319.3000000	2825.0000000
161	1741.0000000	2334.8000000	2825.0000000
162	1741.0000000	2325.5800000	2825.0000000
163	1741.0000000	2328.9000000	2825.0000000
164	1741.0000000	2336.2400000	2825.0000000
165	1741.0000000	2345.9000000	2825.0000000
166	1741.0000000	2364.3600000	2825.0000000
167	1741.0000000	2373.8200000	2825.0000000
168	1741.0000000	2377.0000000	2825.0000000
169	1741.0000000	2385.9200000	2825.0000000
170	1741.0000000	2398.9800000	2825.0000000
171	1741.0000000	2398.3800000	2825.0000000
172	1649.0000000	2389.5400000	2825.0000000
173	1649.0000000	2393.3600000	2825.0000000
174	1649.0000000	2395.1000000	2825.0000000
175	1649.0000000	2388.1400000	2825.0000000
176	1649.0000000	2371.3400000	2825.0000000
177	1649.0000000	2393.9000000	2825.0000000
178	1649.0000000	2400.6800000	2825.0000000
179	1649.0000000	2403.2800000	2825.0000000
180	1649.0000000	2412.1600000	2825.0000000
181	1649.0000000	2408.3800000	2825.0000000
182	1649.0000000	2397.6600000	2825.0000000
183	1649.0000000	2397.0200000	2825.0000000
184	1625.0000000	2403.8400000	2825.0000000
185	1625.0000000	2399.8200000	2825.0000000
186	1625.0000000	2420.6800000	2825.0000000
187	1625.0000000	2428.9200000	2825.0000000
188	1625.0000000	2425.9600000	2825.0000000
189	1625.0000000	2437.6400000	2825.0000000
190	1625.0000000	2431.8000000	2825.0000000
191	1625.0000000	2437.1600000	2825.0000000
192	1649.0000000	2453.8200000	2825.0000000
193	1649.0000000	2467.5000000	2825.0000000
194	1649.0000000	2487.0600000	2825.0000000
195	1649.0000000	2475.7200000	2825.0000000
196	1649.0000000	2483.9600000	2825.0000000
197	1649.0000000	2484.0400000	2825.0000000
198	1649.0000000	2489.9200000	2825.0000000
199	1649.0000000	2513.9200000	2825.0000000
200	1649.0000000	2537.6000000	2825.0000000
201	1649.0000000	2553.9200000	2825.0000000
202	1682.0000000	2576.1000000	2825.0000000
203	1682.0000000	2561.8600000	2825.0000000
204	1682.0000000	2547.8600000	2825.0000000
205	1682.0000000	2540.4000000	2825.0000000
206	1682.0000000	2539.7400000	2825.0000000
207	1682.0000000	2553.8200000	2825.0000000
208	1682.0000000	2551.3400000	2825.0000000
209	1682.0000000	2544.1200000	2825.0000000
210	1513.0000000	2539.5600000	2825.0000000
211	1513.0000000	2544.1800000	2825.0000000
212	1513.0000000	2543.0800000	2825.0000000
213	1513.0000000	2558.2600000	2825.0000000
214	1513.0000000	2585.3400000	2969.0000000
215	1513.0000000	2589.4400000	2969.0000000
216	1513.0000000	2581.9800000	2969.0000000
217	1513.0000000	2578.4600000	2969.0000000
218	1513.0000000	2569.7400000	2969.0000000
219	1513.0000000	2566.6200000	2969.0000000
220	1513.0000000	2562.0400000	2969.0000000
221	1513.0000000	2555.5400000	2969.0000000
222	1513.0000000	2545.3200000	2969.0000000
223	1513.0000000	2566.7600000	2969.0000000
224	1513.0000000	2559.2600000	2969.0000000
225	1513.0000000	2562.1400000	2969.0000000
226	1513.0000000	2580.2800000	2969.0000000
227	1513.0000000	2588.7200000	2969.0000000
228	1513.0000000	2577.4400000	2969.0000000
229	1513.0000000	2579.7800000	2969.0000000
230	1513.0000000	2565.9400000	2969.0000000
231	1513.0000000	2563.1800000	2969.0000000
232	1513.0000000	2567.2400000	2969.0000000
233	1513.0000000	2572.8400000	2969.0000000
234	1513.0000000	2584.1600000	2969.0000000
235	1513.0000000	2569.6800000	2969.0000000
236	1513.0000000	2585.3800000	2969.0000000
237	1513.0000000	2580.8000000	2969.0000000
238	1513.0000000	2576.7800000	2969.0000000
239	1513.0000000	2590.5600000	2969.0000000
240	1513.0000000	2587.4400000	2969.0000000
241	1513.0000000	2571.6200000	2969.0000000
242	1513.0000000	2588.3000000	2969.0000000
243	1989.0000000	2615.8400000	2969.0000000
244	1989.0000000	2614.0600000	2969.0000000
245	1989.0000000	2602.3000000	2969.0000000
246	1989.0000000	2611.5000000	2969.0000000
247	1989.0000000	2609.9600000	2969.0000000
248	1989.0000000	2615.9200000	2969.0000000
249	1989.0000000	2624.2800000	2969.0000000
250	1989.0000000	2613.9000000	2969.0000000
251	1989.0000000	2619.1000000	2969.0000000
252	1989.0000000	2626.1600000	2969.0000000
253	1989.0000000	2618.8200000	2969.0000000
254	1989.0000000	2620.5600000	2969.0000000
255	1989.0000000	2637.8400000	2969.0000000
256	1989.0000000	2632.9800000	2969.0000000
257	1989.0000000	2630.3400000	2969.0000000
258	1989.0000000	2611.9600000	2969.0000000
259	1989.0000000	2609.6800000	2969.0000000
260	1989.0000000	2610.7400000	2969.0000000
261	1989.0000000	2625.7000000	2969.0000000
262	1989.0000000	2627.2400000	2969.0000000
263	1989.0000000	2652.2800000	2969.0000000
264	1989.0000000	2641.7200000	2969.0000000
265	1989.0000000	2628.7400000	2969.0000000
266	1989.0000000	2643.1400000	2969.0000000
267	1989.0000000	2638.8400000	2969.0000000
268	1989.0000000	2623.1800000	2969.0000000
269	1989.0000000	2639.8800000	2969.0000000
270	1989.0000000	2651.7600000	2969.0000000
271	1989.0000000	2654.4400000	2969.0000000
272	1989.0000000	2645.4800000	2969.0000000
273	1989.0000000	2632.7000000	2969.0000000
274	1989.0000000	2648.4400000	2969.0000000
275	1989.0000000	2651.2000000	2969.0000000
276	1989.0000000	2646.5800000	2969.0000000
277	1989.0000000	2637.7800000	2969.0000000
278	1989.0000000	2639.6400000	2969.0000000
279	1989.0000000	2643.4600000	2969.0000000
280	1989.0000000	2649.0600000	2969.0000000
281	1989.0000000	2653.2400000	2969.0000000
282	1989.0000000	2651.8600000	2969.0000000
283	1989.0000000	2646.2600000	2969.0000000
284	1989.0000000	2649.5600000	2969.0000000
285	1989.0000000	2648.3800000	2969.0000000
286	1989.0000000	2654.3000000	2969.0000000
287	1989.0000000	2671.5400000	2969.0000000
288	1989.0000000	2657.0600000	2969.0000000
289	1989.0000000	2662.8200000	2969.0000000
290	1989.0000000	2657.5400000	2969.0000000
291	1989.0000000	2667.2000000	2969.0000000
292	1997.0000000	2679.2600000	2969.0000000
293	1985.0000000	2674.0600000	2969.0000000
294	1985.0000000	2679.5800000	2969.0000000
295	1985.0000000	2692.1200000	2969.0000000
296	1985.0000000	2693.8600000	2969.0000000
297	1985.0000000	2683.5200000	2969.0000000
298	1985.0000000	2686.2400000	2969.0000000
299	1985.0000000	2681.1200000	2969.0000000
300	1985.0000000	2685.6200000	2969.0000000
301	1985.0000000	2678.5600000	2969.0000000
302	1985.0000000	2664.5600000	2969.0000000
303	1985.0000000	2673.6800000	2969.0000000
304	1985.0000000	2663.6600000	2969.0000000
305	1985.0000000	2667.7600000	2969.0000000
306	1985.0000000	2688.9800000	2969.0000000
307	1922.0000000	2672.5000000	2969.0000000
308	1922.0000000	2658.1000000	2969.0000000
309	1922.0000000	2655.0600000	2969.0000000
310	1922.0000000	2641.9600000	2969.0000000
311	1922.0000000	2644.1200000	2969.0000000
312	1922.0000000	2648.4200000	2969.0000000
313	1922.0000000	2662.2200000	2969.0000000
314	1922.0000000	2663.0400000	2969.0000000
315	1922.0000000	2652.7000000	2969.0000000
316	1922.0000000	2661.3400000	2969.0000000
317	1922.0000000	2667.8800000	2969.0000000
318	1922.0000000	2670.2400000	2969.0000000
319	1922.0000000	2671.6200000	2969.0000000
320	1922.0000000	2674.0800000	2969.0000000
321	1922.0000000	2679.7600000	2969.0000000
322	1922.0000000	2678.2600000	2969.0000000
323	1922.0000000	2687.1800000	2969.0000000
324	1922.0000000	2683.2800000	2969.0000000
325	1568.0000000	2672.3800000	2969.0000000
326	1568.0000000	2672.2200000	2969.0000000
327	1568.0000000	2678.0600000	2969.0000000
328	1568.0000000	2695.1000000	2969.0000000
329	1922.0000000	2714.1600000	2969.0000000
330	1922.0000000	2711.4000000	2969.0000000
331	1922.0000000	2714.2800000	2969.0000000
332	1922.0000000	2712.4200000	2969.0000000
333	1922.0000000	2713.1400000	3005.0000000
334	1922.0000000	2709.0000000	3005.0000000
335	1922.0000000	2704.7400000	3005.0000000
336	1922.0000000	2685.3000000	3005.0000000
337	1922.0000000	2681.4400000	3005.0000000
338	1922.0000000	2686.5400000	3005.0000000
339	1922.0000000	2685.2800000	3005.0000000
340	1922.0000000	2680.7200000	3005.0000000
341	1922.0000000	2701.1200000	3005.0000000
342	1989.0000000	2727.1200000	3005.0000000
343	1989.0000000	2722.3400000	3005.0000000
344	1989.0000000	2720.8200000	3005.0000000
345	1989.0000000	2721.5400000	3005.0000000
346	1989.0000000	2733.0000000	3005.0000000
347	1997.0000000	2771.5800000	3005.0000000
348	1997.0000000	2767.3200000	3005.0000000
349	1997.0000000	2773.6000000	3005.0000000
350	1997.0000000	2768.0000000	3005.0000000
351	1997.0000000	2767.2600000	3005.0000000
352	1997.0000000	2754.8400000	3005.0000000
353	1997.0000000	2764.5600000	3005.0000000
354	1997.0000000	2765.8400000	3005.0000000
355	1997.0000000	2754.0800000	3005.0000000
356	1997.0000000	2754.4000000	3005.0000000
357	1997.0000000	2756.4200000	3005.0000000
358	1997.0000000	2755.2400000	3005.0000000
359	1997.0000000	2776.8400000	3005.0000000
360	1997.0000000	2784.6200000	3092.0000000
361	1997.0000000	2770.8000000	3092.0000000
362	1997.0000000	2762.5200000	3092.0000000
363	1997.0000000	2773.5400000	3092.0000000
364	1997.0000000	2770.9000000	3092.0000000
365	2312.0000000	2794.7800000	3092.0000000
366	2312.0000000	2805.0400000	3092.0000000
367	2312.0000000	2815.0000000	3092.0000000
368	2312.0000000	2811.4000000	3092.0000000
369	2180.0000000	2801.6200000	3092.0000000
370	2180.0000000	2825.8600000	3092.0000000
371	2180.0000000	2820.3000000	3092.0000000
372	2180.0000000	2805.3400000	3092.0000000
373	2180.0000000	2798.8600000	3092.0000000
374	2312.0000000	2821.3200000	3092.0000000
375	2312.0000000	2817.3200000	3092.0000000
376	2312.0000000	2826.0400000	3092.0000000
377	2312.0000000	2823.4000000	3092.0000000
378	2344.0000000	2832.0800000	3092.0000000
379	2153.0000000	2813.3000000	3092.0000000
380	2153.0000000	2814.0600000	3092.0000000
381	2153.0000000	2823.4200000	3092.0000000
382	2153.0000000	2819.5800000	3092.0000000
383	2153.0000000	2814.2400000	3092.0000000
384	2153.0000000	2808.9800000	3092.0000000
385	2153.0000000	2809.1400000	3092.0000000
386	2153.0000000	2809.2600000	3092.0000000
387	2153.0000000	2812.8800000	3092.0000000
388	2153.0000000	2819.3600000	3092.0000000
389	2153.0000000	2817.3200000	3092.0000000
390	2153.0000000	2809.0200000	3092.0000000
391	2153.0000000	2815.0400000	3092.0000000
392	2153.0000000	2809.4200000	3092.0000000
393	2153.0000000	2804.4600000	3092.0000000
394	2329.0000000	2808.6400000	3092.0000000
395	2329.0000000	2815.5400000	3092.0000000
396	2329.0000000	2814.9800000	3092.0000000
397	2329.0000000	2816.3800000	3092.0000000
398	2329.0000000	2808.0400000	3092.0000000
399	2056.0000000	2806.3200000	3092.0000000
400	2056.0000000	2809.1200000	3092.0000000
401	2056.0000000	2827.0800000	3092.0000000
402	2056.0000000	2830.5800000	3092.0000000
403	2045.0000000	2811.9400000	3092.0000000
404	1985.0000000	2803.9400000	3092.0000000
405	1985.0000000	2807.7800000	3092.0000000
406	1985.0000000	2800.5400000	3092.0000000
407	1985.0000000	2791.6600000	3092.0000000
408	1985.0000000	2787.5600000	3092.0000000
409	1985.0000000	2797.3600000	3092.0000000
410	1985.0000000	2791.3600000	3092.0000000
411	1985.0000000	2788.0800000	3092.0000000
412	1985.0000000	2785.9600000	3092.0000000
413	1985.0000000	2788.7400000	3092.0000000
414	1985.0000000	2787.8000000	3092.0000000
415	1985.0000000	2799.5400000	3092.0000000
416	1985.0000000	2810.9000000	3092.0000000
417	1954.0000000	2794.8600000	3092.0000000
418	1954.0000000	2790.0800000	3092.0000000
419	1954.0000000	2793.9200000	3092.0000000
420	1954.0000000	2785.6200000	3092.0000000
421	1954.0000000	2780.0200000	3092.0000000
422	1954.0000000	2785.7200000	3092.0000000
423	1954.0000000	2793.4600000	3092.0000000
424	1954.0000000	2791.5600000	3092.0000000
425	1954.0000000	2809.9400000	3092.0000000
426	1954.0000000	2805.5000000	3092.0000000
427	1985.0000000	2813.6600000	3092.0000000
428	1985.0000000	2802.3200000	3092.0000000
429	1985.0000000	2793.4400000	3092.0000000
430	1985.0000000	2777.7000000	3092.0000000
431	1985.0000000	2768.0600000	3092.0000000
432	1985.0000000	2783.3600000	3092.0000000
433	1985.0000000	2770.1400000	3092.0000000
434	1985.0000000	2766.0000000	3092.0000000
435	1985.0000000	2757.0000000	3092.0000000
436	1985.0000000	2737.9000000	3092.0000000
437	1985.0000000	2733.8400000	3092.0000000
438	1985.0000000	2731.6000000	3092.0000000
439	1985.0000000	2736.5600000	3092.0000000
440	1861.0000000	2746.4200000	3092.0000000
441	1861.0000000	2730.8600000	3092.0000000
442	1861.0000000	2740.9600000	3092.0000000
443	1861.0000000	2744.7400000	3092.0000000
444	1861.0000000	2757.1200000	3092.0000000
445	1861.0000000	2750.2200000	3092.0000000
446	1861.0000000	2740.5800000	3092.0000000
447	1861.0000000	2718.4400000	3092.0000000
448	1861.0000000	2721.3600000	3092.0000000
449	1861.0000000	2721.8200000	3092.0000000
450	1861.0000000	2731.9600000	3092.0000000
451	1861.0000000	2720.6800000	3092.0000000
452	1861.0000000	2711.6800000	3092.0000000
453	1861.0000000	2730.2000000	3092.0000000
454	1861.0000000	2731.7200000	3092.0000000
455	1861.0000000	2745.5800000	3092.0000000
456	1861.0000000	2753.5800000	3092.0000000
457	1861.0000000	2746.3800000	3092.0000000
458	1861.0000000	2754.7800000	3092.0000000
459	1861.0000000	2737.7000000	3092.0000000
460	1861.0000000	2761.1000000	3092.0000000
461	1861.0000000	2772.9000000	3092.0000000
462	1861.0000000	2764.7400000	3092.0000000
463	1861.0000000	2762.9200000	3092.0000000
464	1861.0000000	2764.4200000	3092.0000000
465	1861.0000000	2752.2200000	3092.0000000
466	1861.0000000	2764.1000000	3092.0000000
467	1861.0000000	2761.1400000	3092.0000000
468	1861.0000000	2753.9600000	3092.0000000
469	1861.0000000	2759.5600000	3092.0000000
470	1745.0000000	2757.2400000	3092.0000000
471	1985.0000000	2768.9400000	3092.0000000
472	1985.0000000	2776.4600000	3092.0000000
473	1985.0000000	2778.5200000	3092.0000000
474	1985.0000000	2790.4000000	3092.0000000
475	1985.0000000	2805.1800000	3092.0000000
476	1985.0000000	2790.2200000	3092.0000000
477	1985.0000000	2787.3400000	3092.0000000
478	1985.0000000	2799.7800000	3092.0000000
479	1985.0000000	2807.1600000	3092.0000000
480	1985.0000000	2806.3000000	3092.0000000
481	1985.0000000	2801.0800000	3092.0000000
482	1985.0000000	2798.3800000	3092.0000000
483	1985.0000000	2809.5800000	3092.0000000
484	1985.0000000	2792.3000000	3092.0000000
485	1985.0000000	2796.0200000	3092.0000000
486	2098.0000000	2798.2800000	3092.0000000
487	2098.0000000	2784.1200000	3092.0000000
488	2098.0000000	2774.7600000	3092.0000000
489	2098.0000000	2771.1600000	3092.0000000
490	2137.0000000	2785.3600000	3092.0000000
491	2137.0000000	2790.7800000	3092.0000000
492	2137.0000000	2779.6000000	3092.0000000
493	2137.0000000	2784.5400000	3092.0000000
494	1901.0000000	2774.9400000	3092.0000000
495	1901.0000000	2780.1400000	3092.0000000
496	1901.0000000	2790.4000000	3092.0000000
497	2137.0000000	2806.1400000	3092.0000000
498	2137.0000000	2814.9400000	3145.0000000
499	2137.0000000	2847.1000000	3145.0000000
500	2137.0000000	2854.5800000	3145.0000000
501	2125.0000000	2836.3000000	3145.0000000
502	2125.0000000	2826.4200000	3145.0000000
503	2125.0000000	2820.7600000	3145.0000000
504	2125.0000000	2812.4600000	3145.0000000
505	2125.0000000	2805.6000000	3145.0000000
506	2125.0000000	2801.5600000	3145.0000000
507	2125.0000000	2811.7400000	3145.0000000
508	2125.0000000	2835.1000000	3145.0000000
509	2125.0000000	2841.3400000	3145.0000000
510	2125.0000000	2842.2200000	3145.0000000
511	2125.0000000	2838.9000000	3145.0000000
512	2125.0000000	2835.3400000	3145.0000000
513	2125.0000000	2836.4800000	3145.0000000
514	2125.0000000	2846.7000000	3145.0000000
515	2125.0000000	2836.4800000	3145.0000000
516	2245.0000000	2843.8600000	3145.0000000
517	1745.0000000	2827.7200000	3145.0000000
518	1745.0000000	2827.5200000	3145.0000000
519	1745.0000000	2837.7000000	3145.0000000
520	1745.0000000	2830.6400000	3145.0000000
521	1745.0000000	2841.5200000	3145.0000000
522	1745.0000000	2827.7000000	3145.0000000
523	1745.0000000	2840.2800000	3145.0000000
524	1745.0000000	2832.2200000	3145.0000000
525	1745.0000000	2825.0000000	3145.0000000
526	1745.0000000	2830.8400000	3145.0000000
527	1745.0000000	2848.2000000	3145.0000000
528	1745.0000000	2835.4200000	3145.0000000
529	1745.0000000	2835.4200000	3145.0000000
530	1745.0000000	2850.9200000	3145.0000000
531	1745.0000000	2863.9400000	3145.0000000
532	1745.0000000	2871.1600000	3145.0000000
533	1745.0000000	2880.9000000	3145.0000000
534	1745.0000000	2876.5600000	3145.0000000
535	1745.0000000	2863.1400000	3145.0000000
536	1745.0000000	2857.1400000	3145.0000000
537	1745.0000000	2867.9000000	3145.0000000
538	1745.0000000	2867.6200000	3145.0000000
539	1745.0000000	2875.5400000	3145.0000000
540	1745.0000000	2878.5000000	3145.0000000
541	1745.0000000	2880.9000000	3145.0000000
542	1745.0000000	2887.9200000	3145.0000000
543	1745.0000000	2883.1400000	3145.0000000
544	1745.0000000	2888.5000000	3145.0000000
545	1745.0000000	2898.8800000	3208.0000000
546	1745.0000000	2906.9200000	3208.0000000
547	1745.0000000	2906.1600000	3208.0000000
548	1745.0000000	2910.5600000	3208.0000000
549	1745.0000000	2910.4200000	3208.0000000
550	1745.0000000	2898.0200000	3208.0000000
551	1745.0000000	2895.7800000	3208.0000000
552	1745.0000000	2891.9400000	3208.0000000
553	2228.0000000	2904.5400000	3208.0000000
554	2228.0000000	2908.4400000	3208.0000000
555	2228.0000000	2915.1800000	3208.0000000
556	2228.0000000	2914.1400000	3208.0000000
557	2228.0000000	2920.0600000	3208.0000000
558	2228.0000000	2912.9200000	3208.0000000
559	2228.0000000	2930.8400000	3208.0000000
560	2228.0000000	2918.3000000	3208.0000000
561	2228.0000000	2910.7600000	3208.0000000
562	2137.0000000	2890.6000000	3208.0000000
563	2137.0000000	2885.7800000	3208.0000000
564	2137.0000000	2884.2400000	3208.0000000
565	2137.0000000	2895.0000000	3208.0000000
566	2137.0000000	2894.4400000	3208.0000000
567	2137.0000000	2888.5200000	3208.0000000
568	1682.0000000	2871.6600000	3208.0000000
569	1682.0000000	2895.5400000	3208.0000000
570	1682.0000000	2892.4200000	3208.0000000
571	1682.0000000	2899.5200000	3208.0000000
572	1682.0000000	2885.6600000	3208.0000000
573	1682.0000000	2900.0400000	3208.0000000
574	1682.0000000	2905.1600000	3285.0000000
575	1682.0000000	2924.0200000	3285.0000000
576	1682.0000000	2927.1000000	3285.0000000
577	1682.0000000	2921.1400000	3285.0000000
578	1682.0000000	2924.2600000	3285.0000000
579	1682.0000000	2942.3800000	3285.0000000
580	1682.0000000	2945.8200000	3285.0000000
581	1682.0000000	2961.4400000	3285.0000000
582	2381.0000000	2976.9600000	3285.0000000
583	2180.0000000	2971.5200000	3285.0000000
584	2180.0000000	2962.2800000	3285.0000000
585	2180.0000000	2959.1200000	3285.0000000
586	2180.0000000	2948.2600000	3285.0000000
587	2180.0000000	2955.5600000	3285.0000000
588	2180.0000000	2956.7800000	3285.0000000
589	2180.0000000	2951.9200000	3285.0000000
590	2180.0000000	2955.4800000	3285.0000000
591	2180.0000000	2944.5400000	3285.0000000
592	2180.0000000	2939.5200000	3285.0000000
593	2180.0000000	2949.0200000	3285.0000000
594	2180.0000000	2959.2400000	3285.0000000
595	2180.0000000	2954.7800000	3285.0000000
596	2180.0000000	2962.5200000	3285.0000000
597	2125.0000000	2954.3600000	3285.0000000
598	2125.0000000	2949.6600000	3285.0000000
599	2125.0000000	2943.3400000	3285.0000000
600	2125.0000000	2940.7000000	3285.0000000
601	2125.0000000	2948.5600000	3285.0000000
602	2125.0000000	2943.5800000	3285.0000000
603	2125.0000000	2941.7600000	3285.0000000
604	2125.0000000	2947.8400000	3285.0000000
605	2125.0000000	2952.9800000	3285.0000000
606	2125.0000000	2956.6600000	3285.0000000
607	2125.0000000	2964.2800000	3285.0000000
608	2125.0000000	2964.4400000	3285.0000000
609	2125.0000000	2964.7000000	3285.0000000
610	2125.0000000	2945.4000000	3285.0000000
611	2125.0000000	2961.1000000	3285.0000000
612	2066.0000000	2951.7600000	3285.0000000
613	2066.0000000	2963.2000000	3285.0000000
614	2066.0000000	2959.3000000	3285.0000000
615	2125.0000000	2989.7600000	3285.0000000
616	2125.0000000	2977.4400000	3285.0000000
617	2125.0000000	2972.8600000	3285.0000000
618	2125.0000000	2963.4200000	3285.0000000
619	2125.0000000	2985.5200000	3285.0000000
620	2125.0000000	2984.2600000	3285.0000000
621	2125.0000000	2986.5000000	3285.0000000
622	2125.0000000	2982.7200000	3285.0000000
623	2125.0000000	2996.8600000	3285.0000000
624	2125.0000000	2983.0400000	3285.0000000
625	2125.0000000	2979.7600000	3285.0000000
626	2125.0000000	2969.1800000	3285.0000000
627	2125.0000000	2948.8600000	3285.0000000
628	2125.0000000	2937.9800000	3285.0000000
629	2186.0000000	2958.2600000	3285.0000000
630	2186.0000000	2942.9800000	3285.0000000
631	2186.0000000	2926.2800000	3285.0000000
632	2186.0000000	2933.6600000	3285.0000000
633	2186.0000000	2947.2000000	3285.0000000
634	2186.0000000	2946.8800000	3285.0000000
635	2186.0000000	2968.0000000	3285.0000000
636	2186.0000000	2975.4600000	3285.0000000
637	2186.0000000	2984.5000000	3285.0000000
638	2186.0000000	3000.0400000	3285.0000000
639	2186.0000000	2992.5400000	3285.0000000
640	2186.0000000	2996.9200000	3285.0000000
641	2186.0000000	2986.1400000	3285.0000000
642	2186.0000000	3004.1400000	3285.0000000
643	2186.0000000	3002.8000000	3285.0000000
644	2186.0000000	3010.6200000	3285.0000000
645	2186.0000000	3009.9800000	3285.0000000
646	2186.0000000	3013.0200000	3285.0000000
647	2186.0000000	3013.3400000	3285.0000000
648	2186.0000000	2993.3800000	3285.0000000
649	2186.0000000	3005.2200000	3285.0000000
650	2186.0000000	3014.5800000	3285.0000000
651	2186.0000000	3002.1800000	3285.0000000
652	2186.0000000	2987.3800000	3285.0000000
653	2186.0000000	2976.6000000	3285.0000000
654	2186.0000000	2977.8200000	3285.0000000
655	2186.0000000	2959.9800000	3285.0000000
656	2186.0000000	2947.5800000	3285.0000000
657	2186.0000000	2953.1800000	3285.0000000
658	2186.0000000	2947.1800000	3285.0000000
659	2186.0000000	2947.3400000	3285.0000000
660	2186.0000000	2951.8800000	3285.0000000
661	2186.0000000	2944.5800000	3285.0000000
662	2066.0000000	2951.7000000	3285.0000000
663	2066.0000000	2969.3000000	3285.0000000
664	2066.0000000	2977.0800000	3285.0000000
665	2066.0000000	2999.3800000	3285.0000000
666	2066.0000000	3020.1400000	3285.0000000
667	2050.0000000	3004.8800000	3285.0000000
668	2050.0000000	2994.3000000	3285.0000000
669	2050.0000000	3020.1000000	3285.0000000
670	2050.0000000	3004.9000000	3285.0000000
671	2050.0000000	3014.5000000	3285.0000000
672	2050.0000000	3000.8000000	3285.0000000
673	2050.0000000	2992.9000000	3285.0000000
674	2050.0000000	2980.9400000	3285.0000000
675	2050.0000000	2977.9000000	3285.0000000
676	2050.0000000	2984.0600000	3285.0000000
677	2050.0000000	2975.4200000	3285.0000000
678	2050.0000000	2960.1400000	3285.0000000
679	2050.0000000	2963.1400000	3285.0000000
680	2186.0000000	2980.0600000	3285.0000000
681	2186.0000000	2981.5600000	3285.0000000
682	2186.0000000	2964.9000000	3285.0000000
683	2186.0000000	2961.9000000	3285.0000000
684	2186.0000000	2950.9600000	3285.0000000
685	2186.0000000	2943.0600000	3285.0000000
686	2210.0000000	2967.9200000	3285.0000000
687	2314.0000000	2986.2200000	3285.0000000
688	2314.0000000	2975.7200000	3285.0000000
689	2314.0000000	2966.3600000	3285.0000000
690	2314.0000000	2967.8200000	3285.0000000
691	2314.0000000	2979.7400000	3285.0000000
692	2314.0000000	2987.2400000	3285.0000000
693	2314.0000000	2993.7200000	3285.0000000
694	2314.0000000	3001.3000000	3285.0000000
695	2314.0000000	2992.9400000	3285.0000000
696	2314.0000000	3001.9800000	3285.0000000
697	2314.0000000	2994.5600000	3285.0000000
698	2314.0000000	2986.6600000	3285.0000000
699	2314.0000000	2978.7200000	3285.0000000
700	2314.0000000	2976.2000000	3285.0000000
701	2314.0000000	2965.6200000	3285.0000000
702	2048.0000000	2948.7800000	3285.0000000
703	2048.0000000	2936.6200000	3285.0000000
704	2048.0000000	2923.3600000	3285.0000000
705	2048.0000000	2930.4600000	3285.0000000
706	2048.0000000	2920.4800000	3285.0000000
707	2048.0000000	2938.7200000	3285.0000000
708	2048.0000000	2931.2200000	3285.0000000
709	2048.0000000	2935.3600000	3285.0000000
710	1985.0000000	2938.1400000	3285.0000000
711	1985.0000000	2938.1000000	3285.0000000
712	1985.0000000	2922.8200000	3285.0000000
713	1985.0000000	2931.6600000	3285.0000000
714	1985.0000000	2929.8800000	3285.0000000
715	1985.0000000	2943.7200000	3285.0000000
716	1985.0000000	2942.1000000	3285.0000000
717	1985.0000000	2949.9600000	3285.0000000
718	1985.0000000	2946.8400000	3285.0000000
719	1985.0000000	2962.7200000	3285.0000000
720	1985.0000000	2972.9800000	3285.0000000
721	1985.0000000	2986.6800000	3285.0000000
722	1985.0000000	2977.3200000	3285.0000000
723	1985.0000000	2981.2800000	3285.0000000
724	1985.0000000	2990.6400000	3285.0000000
725	1985.0000000	3004.2200000	3285.0000000
726	1985.0000000	3004.2200000	3285.0000000
727	1985.0000000	3007.3000000	3285.0000000
728	1985.0000000	3011.4400000	3285.0000000
729	1985.0000000	3027.0400000	3285.0000000
730	1985.0000000	3024.0800000	3285.0000000
731	1985.0000000	3013.1800000	3285.0000000
732	1985.0000000	2999.3200000	3285.0000000
733	1985.0000000	2987.1600000	3285.0000000
734	1985.0000000	2985.8200000	3285.0000000
735	1985.0000000	2979.5000000	3285.0000000
736	1985.0000000	2966.0000000	3285.0000000
737	1985.0000000	2958.8200000	3285.0000000
738	1985.0000000	2970.8600000	3285.0000000
739	1985.0000000	2946.1200000	3285.0000000
740	2048.0000000	2975.0800000	3285.0000000
741	2048.0000000	2987.8600000	3285.0000000
742	2048.0000000	2986.1600000	3285.0000000
743	2048.0000000	2972.6600000	3285.0000000
744	2048.0000000	2966.7400000	3285.0000000
745	2048.0000000	2987.8200000	3285.0000000
746	2048.0000000	2976.8800000	3285.0000000
747	2048.0000000	2974.0000000	3285.0000000
748	2048.0000000	2981.9000000	3285.0000000
749	2048.0000000	2985.1000000	3285.0000000
750	2048.0000000	2979.0200000	3285.0000000
751	2048.0000000	2963.7400000	3285.0000000
752	2048.0000000	2972.7800000	3285.0000000
753	2048.0000000	2977.3600000	3285.0000000
754	2048.0000000	2986.3600000	3285.0000000
755	2048.0000000	2986.3600000	3285.0000000
756	2048.0000000	3007.5600000	3285.0000000
757	2048.0000000	3005.3200000	3285.0000000
758	2048.0000000	2997.7800000	3285.0000000
759	2048.0000000	2999.1200000	3285.0000000
760	2048.0000000	3008.4800000	3285.0000000
761	2048.0000000	2997.9000000	3285.0000000
762	2048.0000000	3008.9600000	3285.0000000
763	2048.0000000	2998.8600000	3285.0000000
764	2048.0000000	3003.3600000	3285.0000000
765	2048.0000000	2994.4000000	3285.0000000
766	2048.0000000	3017.0200000	3285.0000000
767	2048.0000000	3017.1800000	3293.0000000
768	2048.0000000	3012.5200000	3293.0000000
769	2048.0000000	3000.7600000	3293.0000000
770	2048.0000000	2993.0200000	3293.0000000
771	2048.0000000	2990.1400000	3293.0000000
772	2048.0000000	2981.7000000	3293.0000000
773	2048.0000000	2969.5400000	3293.0000000
774	2048.0000000	2976.9200000	3293.0000000
775	2048.0000000	2966.4600000	3293.0000000
776	2048.0000000	2959.7200000	3293.0000000
777	2048.0000000	2946.8600000	3293.0000000
778	2048.0000000	2956.3000000	3293.0000000
779	2048.0000000	2939.5000000	3293.0000000
780	2048.0000000	2925.6400000	3293.0000000
781	2048.0000000	2930.2600000	3293.0000000
782	2048.0000000	2943.8400000	3293.0000000
783	2048.0000000	2945.0600000	3293.0000000
784	2048.0000000	2930.2600000	3293.0000000
785	2048.0000000	2932.0400000	3293.0000000
786	2048.0000000	2923.0000000	3293.0000000
787	2048.0000000	2932.8000000	3293.0000000
788	2048.0000000	2937.5000000	3293.0000000
789	2048.0000000	2966.3400000	3293.0000000
790	2048.0000000	2972.7600000	3293.0000000
791	2048.0000000	2996.6800000	3293.0000000
792	2048.0000000	2989.6600000	3293.0000000
793	2048.0000000	3005.2600000	3293.0000000
794	2048.0000000	2996.0600000	3293.0000000
795	2048.0000000	2998.9400000	3293.0000000
796	2048.0000000	3018.7600000	3293.0000000
797	2048.0000000	3035.4600000	3293.0000000
798	2048.0000000	3027.7200000	3293.0000000
799	2381.0000000	3056.5200000	3293.0000000
800	2381.0000000	3054.7400000	3293.0000000
801	2381.0000000	3046.3400000	3293.0000000
802	2381.0000000	3058.1000000	3293.0000000
803	2381.0000000	3044.4000000	3293.0000000
804	2381.0000000	3034.9600000	3293.0000000
805	2381.0000000	3033.5000000	3293.0000000
806	2381.0000000	3016.8000000	3293.0000000
807	2381.0000000	3021.8200000	3293.0000000
808	2381.0000000	3009.9000000	3293.0000000
809	2117.0000000	2986.3800000	3293.0000000
810	2117.0000000	2976.9400000	3293.0000000
811	2117.0000000	2989.1000000	3293.0000000
812	2117.0000000	2997.3400000	3293.0000000
813	2117.0000000	2999.2000000	3293.0000000
814	2117.0000000	3017.7600000	3293.0000000
815	2117.0000000	3008.1600000	3293.0000000
816	2117.0000000	3008.1200000	3293.0000000
817	2117.0000000	3022.0600000	3293.0000000
818	2117.0000000	3035.7200000	3293.0000000
819	2117.0000000	3029.2400000	3293.0000000
820	2117.0000000	3029.4800000	3293.0000000
821	2117.0000000	3035.0000000	3293.0000000
822	2117.0000000	3036.4200000	3293.0000000
823	2117.0000000	3051.5400000	3293.0000000
824	2117.0000000	3068.6000000	3293.0000000
825	2117.0000000	3076.0600000	3293.0000000
826	2117.0000000	3071.3600000	3293.0000000
827	2117.0000000	3085.8600000	3293.0000000
828	2117.0000000	3081.9600000	3293.0000000
829	2117.0000000	3074.0200000	3293.0000000
830	2117.0000000	3063.8400000	3293.0000000
831	2117.0000000	3062.4600000	3293.0000000
832	2117.0000000	3062.7000000	3293.0000000
833	2117.0000000	3053.1000000	3293.0000000
834	2117.0000000	3037.8200000	3293.0000000
835	2117.0000000	3040.9400000	3293.0000000
836	2117.0000000	3038.3000000	3293.0000000
837	2117.0000000	3020.0600000	3293.0000000
838	2117.0000000	3018.6400000	3293.0000000
839	2117.0000000	3007.5200000	3293.0000000
840	2117.0000000	3012.2600000	3293.0000000
841	2117.0000000	3006.6200000	3293.0000000
842	2117.0000000	3003.5000000	3293.0000000
843	2117.0000000	3017.9200000	3293.0000000
844	2117.0000000	3004.0600000	3293.0000000
845	2117.0000000	3011.1600000	3293.0000000
846	2117.0000000	2998.8400000	3293.0000000
847	2117.0000000	2995.5000000	3293.0000000
848	2117.0000000	2990.0600000	3293.0000000
849	2117.0000000	2991.0200000	3293.0000000
850	2117.0000000	2968.9200000	3293.0000000
851	2117.0000000	2971.7200000	3293.0000000
852	2117.0000000	2964.2800000	3293.0000000
853	2117.0000000	2953.3400000	3293.0000000
854	2117.0000000	2953.4200000	3293.0000000
855	2117.0000000	2954.9600000	3293.0000000
856	2117.0000000	2965.8800000	3293.0000000
857	2117.0000000	2952.2200000	3293.0000000
858	2117.0000000	2943.5800000	3293.0000000
859	2117.0000000	2967.4000000	3293.0000000
860	2117.0000000	2964.2000000	3293.0000000
861	2117.0000000	2949.8000000	3293.0000000
862	2117.0000000	2948.6200000	3293.0000000
863	2117.0000000	2975.2600000	3293.0000000
864	2117.0000000	2972.5400000	3293.0000000
865	2117.0000000	2992.4000000	3293.0000000
866	2117.0000000	2979.9200000	3293.0000000
867	2117.0000000	2974.9000000	3293.0000000
868	2117.0000000	2971.7000000	3293.0000000
869	2117.0000000	2959.1400000	3293.0000000
870	1989.0000000	2933.0600000	3293.0000000
871	1989.0000000	2932.0800000	3293.0000000
872	1989.0000000	2924.1400000	3293.0000000
873	1989.0000000	2919.8000000	3293.0000000
874	1989.0000000	2922.8600000	3293.0000000
875	1989.0000000	2931.6600000	3293.0000000
876	1989.0000000	2939.0000000	3293.0000000
877	1989.0000000	2947.3000000	3293.0000000
878	1989.0000000	2941.1800000	3293.0000000
879	1989.0000000	2959.3400000	3293.0000000
880	1989.0000000	2955.2800000	3293.0000000
881	1989.0000000	2977.1800000	3293.0000000
882	1989.0000000	2966.3000000	3293.0000000
883	1989.0000000	2967.6800000	3293.0000000
884	1989.0000000	2968.9400000	3293.0000000
885	1989.0000000	2953.9400000	3293.0000000
886	1989.0000000	2956.9000000	3293.0000000
887	1989.0000000	2977.7800000	3293.0000000
888	1989.0000000	2968.6400000	3293.0000000
889	1989.0000000	2956.0800000	3293.0000000
890	1989.0000000	2982.3600000	3293.0000000
891	1989.0000000	2988.6400000	3293.0000000
892	1989.0000000	2985.7600000	3293.0000000
893	1989.0000000	2994.8800000	3293.0000000
894	1989.0000000	2986.8200000	3293.0000000
895	1989.0000000	2988.3200000	3293.0000000
896	1989.0000000	2999.5200000	3293.0000000
897	1989.0000000	3002.6400000	3293.0000000
898	1989.0000000	3009.1200000	3293.0000000
899	1989.0000000	3011.4000000	3293.0000000
900	1989.0000000	3010.3400000	3293.0000000
901	1989.0000000	3000.2400000	3293.0000000
902	1989.0000000	3003.4200000	3293.0000000
903	1989.0000000	3007.8000000	3293.0000000
904	1989.0000000	3016.1400000	3293.0000000
905	1989.0000000	3033.7400000	3293.0000000
906	1989.0000000	3033.7400000	3293.0000000
907	1989.0000000	3033.4400000	3293.0000000
908	1989.0000000	3025.9600000	3293.0000000
909	1989.0000000	3020.5800000	3293.0000000
910	1989.0000000	3018.2600000	3293.0000000
911	1989.0000000	3011.7800000	3293.0000000
912	1989.0000000	3012.8200000	3293.0000000
913	1989.0000000	2993.3600000	3293.0000000
914	1989.0000000	2990.4000000	3293.0000000
915	1989.0000000	2981.0400000	3293.0000000
916	1989.0000000	2970.3000000	3293.0000000
917	1989.0000000	2948.0000000	3293.0000000
918	1989.0000000	2957.8600000	3293.0000000
919	1989.0000000	2962.5400000	3293.0000000
920	1989.0000000	2974.5400000	3293.0000000
921	2178.0000000	2990.2000000	3293.0000000
922	2178.0000000	2990.3600000	3293.0000000
923	2178.0000000	2976.9800000	3293.0000000
924	2178.0000000	3000.9000000	3380.0000000
925	2178.0000000	3002.3200000	3380.0000000
926	2178.0000000	3004.8400000	3380.0000000
927	2178.0000000	3009.2200000	3380.0000000
928	2178.0000000	3008.3200000	3380.0000000
929	2320.0000000	3014.1200000	3380.0000000
930	2320.0000000	3014.7200000	3380.0000000
931	2320.0000000	2996.5600000	3380.0000000
932	2320.0000000	2999.7600000	3380.0000000
933	2320.0000000	3005.9200000	3380.0000000
934	2320.0000000	3003.0000000	3380.0000000
935	2320.0000000	3005.4600000	3380.0000000
936	2320.0000000	3016.9800000	3380.0000000
937	2320.0000000	3017.3000000	3380.0000000
938	2320.0000000	2999.7000000	3380.0000000
939	2320.0000000	3004.0800000	3380.0000000
940	2320.0000000	2996.4600000	3380.0000000
941	2320.0000000	3019.8000000	3380.0000000
942	2320.0000000	3038.0600000	3380.0000000
943	2320.0000000	3049.6600000	3380.0000000
944	2320.0000000	3039.2000000	3380.0000000
945	2320.0000000	3033.4400000	3380.0000000
946	2320.0000000	3025.5000000	3380.0000000
947	2320.0000000	3026.8800000	3380.0000000
948	2381.0000000	3034.5800000	3380.0000000
949	2314.0000000	3024.5200000	3380.0000000
950	2314.0000000	3025.4800000	3380.0000000
951	2314.0000000	3014.9400000	3380.0000000
952	2314.0000000	3009.5800000	3380.0000000
953	2314.0000000	2991.0200000	3380.0000000
954	2314.0000000	2984.8600000	3380.0000000
955	2314.0000000	3002.0400000	3380.0000000
956	2314.0000000	2995.6400000	3380.0000000
957	2314.0000000	2986.1600000	3380.0000000
958	2314.0000000	2993.4600000	3380.0000000
959	2314.0000000	2983.9400000	3380.0000000
960	2314.0000000	2988.5600000	3380.0000000
961	2314.0000000	2984.1000000	3380.0000000
962	2314.0000000	2988.2000000	3380.0000000
963	2314.0000000	2982.5200000	3380.0000000
964	2314.0000000	2964.7600000	3380.0000000
965	2314.0000000	2985.6400000	3380.0000000
966	2249.0000000	2979.9600000	3380.0000000
967	2249.0000000	2964.5200000	3380.0000000
968	2249.0000000	2954.8400000	3380.0000000
969	2249.0000000	2966.5000000	3380.0000000
970	2249.0000000	2966.9800000	3380.0000000
971	2066.0000000	2952.1200000	3380.0000000
972	2066.0000000	2946.4000000	3380.0000000
973	2056.0000000	2937.0600000	3380.0000000
974	2056.0000000	2934.3000000	3380.0000000
975	2056.0000000	2921.0400000	3380.0000000
976	2066.0000000	2950.3200000	3380.0000000
977	2066.0000000	2960.5800000	3380.0000000
978	2066.0000000	2962.6400000	3380.0000000
979	2066.0000000	2951.2000000	3380.0000000
980	2066.0000000	2940.1600000	3380.0000000
981	2066.0000000	2966.9200000	3380.0000000
982	2066.0000000	2969.8000000	3380.0000000
983	2066.0000000	2978.8400000	3380.0000000
984	2066.0000000	3000.0000000	3380.0000000
985	2066.0000000	2990.8000000	3380.0000000
986	2066.0000000	2982.2400000	3380.0000000
987	2066.0000000	2989.8600000	3380.0000000
988	2066.0000000	2995.7800000	3380.0000000
989	2066.0000000	2984.5200000	3380.0000000
990	2066.0000000	2996.4400000	3380.0000000
991	2066.0000000	2984.2400000	3380.0000000
992	2066.0000000	2992.3000000	3380.0000000
993	2066.0000000	2990.7200000	3380.0000000
994	2066.0000000	2980.1800000	3380.0000000
995	2066.0000000	2978.8800000	3380.0000000
996	2066.0000000	2976.2400000	3380.0000000
997	2066.0000000	2966.4400000	3380.0000000
998	2066.0000000	2968.7200000	3380.0000000
999	2066.0000000	2963.8200000	3380.0000000
1000	2066.0000000	2954.4600000	3380.0000000
